 2, -274.2499084472656, [0.5904157  0.53889894 0.5380077  0.52843165 0.44421098],  [0.59046614 0.538901   0.5380481  0.52853715 0.44425464], [0.59045464 0.5389149  0.5380216  0.5284606  0.44420543] 
 2, -272.27386474609375, [0.5908894  0.5384857  0.53910506 0.52781385 0.44449446],  [0.59091306 0.5384925  0.5390728  0.52780414 0.44449645], [0.5909059  0.53848946 0.5390889  0.52781004 0.44449785] 
 2, -265.3815612792969, [0.58998513 0.53821707 0.5382401  0.5275179  0.44442147],  [0.5899745  0.5382276  0.53823876 0.5274934  0.4444112 ], [0.58996594 0.538194   0.5382668  0.5275683  0.4444325 ] 
 2, -271.5768127441406, [0.5903682  0.53948116 0.5386037  0.5279509  0.44441035],  [0.5903634  0.5394736  0.5386066  0.52794105 0.4444094 ], [0.5903425  0.5394518  0.5385856  0.527921   0.44437155] 
 2, -256.2428894042969, [0.59088415 0.53908145 0.5379625  0.52791744 0.44446748],  [0.59088004 0.5390877  0.5379489  0.5278812  0.44445768], [0.5908622  0.53907305 0.53793156 0.5278423  0.4444214 ] 
 2, -215.37591552734375, [0.5900957  0.5397941  0.5394537  0.5287026  0.44586387],  [0.5901316  0.53980404 0.5394835  0.52876514 0.44590494], [0.5900997  0.53980994 0.53940207 0.5286755  0.44589356] 
 2, -203.97998046875, [0.58986765 0.53767014 0.54371506 0.5342379  0.45243484],  [0.58987325 0.5376672  0.54372275 0.5342544  0.4524332 ], [0.5898622  0.5376654  0.54366267 0.53421295 0.45243   ] 
 2, -214.68289184570312, [0.58984613 0.5389497  0.5396082  0.5285627  0.44587696],  [0.5898423  0.5389482  0.53960824 0.52856636 0.44589537], [0.5898568  0.53894675 0.53959805 0.5285716  0.44588438] 
 2, -242.98019409179688, [0.5894175  0.539308   0.539163   0.5285556  0.44590166],  [0.58944315 0.5393133  0.5391669  0.5285752  0.44590053], [0.58944726 0.5393133  0.53917843 0.52858925 0.445904  ] 
 2, -264.3618469238281, [0.5900926  0.54039705 0.538544   0.5273603  0.44456503],  [0.59007925 0.540389   0.53855574 0.5273444  0.44453216], [0.5900784  0.5404018  0.5385469  0.52733666 0.4445504 ] 
 2, -224.97430419921875, [0.59436846 0.5403965  0.5441988  0.5335664  0.45096135],  [0.5943578 0.5403908 0.5442361 0.5335696 0.450963 ], [0.594347   0.5403873  0.5441778  0.53358066 0.4510042 ] 
 2, -213.54290771484375, [0.59048355 0.5396281  0.5444772  0.5350088  0.45199203],  [0.59048456 0.53962976 0.54447246 0.5350171  0.45201945], [0.5904608  0.5396271  0.5444391  0.5349378  0.45196238] 
 2, -195.74232482910156, [0.59008306 0.53832227 0.544168   0.53374046 0.45219648],  [0.59006214 0.53830695 0.544164   0.53373104 0.45218983], [0.5900695  0.5383205  0.5441782  0.5337418  0.45220578] 
 2, -258.69464111328125, [0.58942974 0.53748137 0.53833014 0.5273751  0.44425407],  [0.5894294  0.53748894 0.53830266 0.5273425  0.44424164], [0.5893848  0.53747636 0.5382672  0.52726203 0.4442221 ] 
 2, -211.31182861328125, [0.5911884  0.53738743 0.5444737  0.5349296  0.4529087 ],  [0.5912297  0.53740025 0.5444387  0.53490394 0.4528681 ], [0.5911895  0.5373976  0.5444569  0.5349245  0.45292658] 
 2, -234.76158142089844, [0.5898138  0.53941286 0.53904897 0.5290983  0.4459386 ],  [0.58978087 0.5394044  0.53900546 0.52899987 0.44590104], [0.58980507 0.53940934 0.5390213  0.5290402  0.44591272] 
 2, -258.061767578125, [0.59016603 0.5382038  0.53951055 0.52912515 0.44542912],  [0.59014666 0.53821087 0.5395051  0.52910244 0.44543526], [0.59017706 0.5382063  0.53953636 0.52913535 0.4454154 ] 
 2, -189.79122924804688, [0.59182686 0.53904194 0.5449355  0.53562915 0.45334274],  [0.5918583  0.5390582  0.5449563  0.5356601  0.45335472], [0.59183437 0.5390544  0.54494387 0.5356346  0.45336244] 
 2, -250.77374267578125, [0.59052265 0.5378343  0.53905535 0.5282924  0.44414842],  [0.5905639 0.5378389 0.5390936 0.5283718 0.4441865], [0.5904667  0.5378105  0.53903496 0.5282362  0.44414428] 
 2, -241.3309326171875, [0.5888539  0.5385639  0.53900355 0.5288874  0.44561142],  [0.5888946  0.53857416 0.5389756  0.52889836 0.44561723], [0.5889245  0.5385659  0.5390371  0.528935   0.44556805] 
 2, -238.4232177734375, [0.5892971  0.53826666 0.5387793  0.5275813  0.44454345],  [0.58931905 0.5382838  0.53881615 0.52763265 0.44458228], [0.58931184 0.5382792  0.5387962  0.5276223  0.44460443] 
 2, -187.95216369628906, [0.5896505  0.53957623 0.5450239  0.5351348  0.4527879 ],  [0.589661   0.53958166 0.54504544 0.5351572  0.4527972 ], [0.589614   0.5395706  0.5450107  0.5350762  0.45277643] 
 2, -255.471923828125, [0.5888579  0.54033786 0.5391734  0.52958447 0.44586113],  [0.588857   0.5403392  0.53915435 0.5295815  0.44588065], [0.58884394 0.54034406 0.539155   0.5295721  0.4458582 ] 
 2, -241.80770874023438, [0.5891608  0.53843963 0.541005   0.5313889  0.4477922 ],  [0.5891557  0.5384327  0.541029   0.53143334 0.44782567], [0.58917445 0.5384433  0.5410077  0.5314106  0.44777635] 
 2, -227.91952514648438, [0.59292233 0.53843814 0.5450024  0.53416777 0.4523421 ],  [0.5929119  0.5384131  0.5450644  0.53426117 0.45237887], [0.59285265 0.53842765 0.54497606 0.53409463 0.45235008] 
 2, -291.2727966308594, [0.58936846 0.5374995  0.53854024 0.5276412  0.44447702],  [0.58939946 0.5375143  0.5385218  0.52763695 0.44447374], [0.58941925 0.5375083  0.53854614 0.5276672  0.4444727 ] 
 2, -292.91424560546875, [0.589813   0.53869885 0.5347357  0.5251689  0.44040948],  [0.5898144  0.5386984  0.5347447  0.52513635 0.4403664 ], [0.5898414  0.53871655 0.53473234 0.52516454 0.44038233] 
 2, -202.50741577148438, [0.591763   0.53973114 0.5437612  0.5329543  0.45089382],  [0.5917299  0.53972346 0.54376715 0.53291243 0.45088407], [0.5917394  0.539724   0.54373133 0.5329191  0.4508864 ] 
 2, -236.6304931640625, [0.58844864 0.53873205 0.53955305 0.52861035 0.44594035],  [0.58853173 0.53874856 0.5396104  0.52877486 0.44601846], [0.588445   0.53871024 0.53959346 0.5286495  0.44592443] 
 2, -211.9180908203125, [0.5901186  0.5391339  0.5429343  0.5332374  0.45001465],  [0.5901751  0.53913647 0.542996   0.5333664  0.4500414 ], [0.59013414 0.5391361  0.54293203 0.5332871  0.45004508] 
 2, -196.40988159179688, [0.5908301  0.53986776 0.54423696 0.53498733 0.45206097],  [0.59083086 0.53986984 0.54423374 0.53498995 0.45207188], [0.5908018  0.5398575  0.54419994 0.5349311  0.45204276] 
 2, -285.1134338378906, [0.59010834 0.5396379  0.5383525  0.5279277  0.44461268],  [0.59009063 0.5396354  0.5383115  0.52788085 0.4445981 ], [0.5901247  0.5396463  0.538337   0.5279391  0.44463667] 
 2, -215.53073120117188, [0.5901096  0.53715515 0.5437667  0.5330615  0.45086983],  [0.5900925  0.5371467  0.54374015 0.5330344  0.4508594 ], [0.5901131  0.53715205 0.54376274 0.5330496  0.4508531 ] 
 2, -275.7395935058594, [0.59110546 0.5390645  0.5383308  0.5278669  0.4438453 ],  [0.59111214 0.53906524 0.5383528  0.5278704  0.44383436], [0.5911042  0.539064   0.5383389  0.5278448  0.44382083] 
 2, -218.52516174316406, [0.5915945  0.5412125  0.54382694 0.532958   0.44995296],  [0.5915952  0.54121804 0.54385036 0.53298146 0.44998372], [0.5915682  0.5412072  0.54380864 0.5329129  0.44994354] 
 2, -217.67813110351562, [0.5909548  0.5393158  0.5435773  0.5334202  0.45105273],  [0.5909419  0.53931504 0.5435557  0.53337336 0.4510288 ], [0.59095436 0.5393195  0.54357725 0.5334046  0.45103398] 
 2, -193.8309326171875, [0.5925974  0.53920645 0.5458961  0.53717    0.45497945],  [0.59257936 0.5392019  0.5458944  0.5371663  0.45500427], [0.5925693  0.53919685 0.54587907 0.5371218  0.45496553] 
 2, -281.8526306152344, [0.5898472  0.5367095  0.5383667  0.527779   0.44437796],  [0.58983314 0.5367073  0.5383855  0.52778476 0.44439524], [0.5898704  0.5367005  0.53840846 0.5278492  0.4443903 ] 
 2, -250.3154754638672, [0.5886813  0.53816116 0.5376799  0.52853775 0.44407168],  [0.58870846 0.53817374 0.53766537 0.52855575 0.44409114], [0.5886811  0.53815424 0.5376861  0.5285488  0.44406924] 
 2, -241.0149688720703, [0.5890306  0.53942204 0.5425656  0.5314424  0.4494969 ],  [0.58903235 0.5394186  0.54258996 0.5314416  0.4494808 ], [0.5890359  0.53941625 0.54257566 0.53147405 0.44951057] 
 2, -218.9916229248047, [0.58995867 0.5381207  0.5445825  0.5343202  0.45260268],  [0.58995634 0.5381121  0.54457194 0.5343207  0.45259297], [0.58993864 0.5381157  0.5445809  0.5343135  0.45261836] 
 2, -259.589111328125, [0.5898486  0.5399916  0.5394191  0.52893966 0.4459219 ],  [0.5898478  0.53998816 0.53943217 0.52891475 0.4458927 ], [0.58984274 0.5399954  0.539431   0.5289173  0.4459088 ] 
 2, -266.8569030761719, [0.5896447  0.539346   0.538344   0.5279659  0.44431356],  [0.5896454 0.5393515 0.5383544 0.527998  0.4443562], [0.5896466  0.53933406 0.53836215 0.52799284 0.44429812] 
 2, -233.92364501953125, [0.5886599  0.5374596  0.5392077  0.5291411  0.44599503],  [0.58864504 0.5374521  0.5392137  0.52915025 0.44600156], [0.5886392  0.53744555 0.53923714 0.5291746  0.44602057] 
 2, -280.3340759277344, [0.5887031  0.5393098  0.5385247  0.52798736 0.44426388],  [0.58868074 0.5392945  0.53854126 0.5280333  0.4442965 ], [0.58867085 0.5393184  0.53847444 0.5279363  0.44427714] 
 2, -200.49002075195312, [0.5911532 0.5404341 0.5451153 0.5349536 0.4522179],  [0.5911315  0.54042375 0.54506886 0.5348758  0.45216897], [0.5911018  0.5404266  0.545095   0.53486735 0.45218614] 
 2, -248.71929931640625, [0.58944803 0.5385255  0.5386875  0.527936   0.4444137 ],  [0.5894566  0.53853    0.5386855  0.5279209  0.44437796], [0.5894712  0.5385352  0.5386872  0.52797943 0.44442108] 
 2, -263.9085388183594, [0.59021544 0.53975785 0.537519   0.5281522  0.44429126],  [0.59022874 0.53976625 0.5374945  0.5281391  0.4443007 ], [0.59021044 0.5397754  0.5374729  0.52809095 0.44429374] 
 2, -254.08106994628906, [0.58931077 0.53794134 0.53865707 0.5279535  0.44503373],  [0.5892693  0.53792834 0.53859407 0.52789503 0.44504118], [0.5893083  0.5379408  0.538659   0.52796173 0.4450641 ] 
 2, -263.6791687011719, [0.5885135  0.5389146  0.53992534 0.52771825 0.44571653],  [0.58853495 0.53890455 0.5400017  0.52784044 0.44576803], [0.588536   0.53891885 0.5399231  0.5277462  0.44573414] 
 2, -236.72406005859375, [0.5891565  0.53853714 0.5392094  0.52984357 0.44588947],  [0.5891907 0.538541  0.5392243 0.5298673 0.4458637], [0.58917224 0.5385385  0.5392351  0.5298654  0.4458706 ] 
 2, -249.232177734375, [0.59123504 0.5406091  0.53824556 0.52832305 0.44420877],  [0.59122705 0.540621   0.5382801  0.52834344 0.44421437], [0.5911666  0.5405834  0.53822356 0.52829826 0.44423983] 
 2, -232.5208740234375, [0.5902152  0.5388816  0.54385215 0.5335523  0.4509949 ],  [0.5902301  0.5388966  0.54383594 0.5335301  0.4509834 ], [0.5901881  0.53888136 0.54381174 0.5334927  0.4509848 ] 
 2, -185.2689666748047, [0.59247994 0.5390507  0.543944   0.53426677 0.45235673],  [0.5924724  0.5390351  0.5439605  0.53429383 0.45236307], [0.59244514 0.5390398  0.5439243  0.5341999  0.45232466] 
 2, -206.75804138183594, [0.5890694  0.53933066 0.5427949  0.5326383  0.45013425],  [0.58908224 0.53933084 0.54278517 0.5326157  0.4501033 ], [0.5890349  0.5393196  0.54277015 0.53258    0.45011887] 
 2, -218.35968017578125, [0.5886985  0.5393143  0.53978896 0.52960974 0.44637865],  [0.58868235 0.53930146 0.5397789  0.5296059  0.44638705], [0.5886897  0.5393081  0.53979695 0.52959895 0.4463756 ] 
 2, -200.2646026611328, [0.5900589  0.54003483 0.54474145 0.5345283  0.45242816],  [0.5900887  0.5400482  0.54475653 0.53456956 0.4524552 ], [0.59006375 0.54003906 0.54472    0.5345034  0.45240706] 
 2, -251.24148559570312, [0.59091234 0.5391159  0.53900886 0.5295438  0.44562328],  [0.5909474  0.5391382  0.53902745 0.5296021  0.44565573], [0.59094363 0.53913355 0.53903556 0.5295922  0.44563773] 
 2, -220.0230255126953, [0.5891762  0.54067874 0.5387448  0.52927965 0.44572562],  [0.5891975  0.54067725 0.5387837  0.52933663 0.44573757], [0.58923244 0.54068434 0.5388234  0.52938795 0.4457286 ] 
 2, -233.57070922851562, [0.5911201  0.5384457  0.54335946 0.53259826 0.4512273 ],  [0.5911042  0.53843725 0.54338413 0.53258556 0.45121837], [0.59110814 0.5384474  0.5433644  0.5325756  0.4512109 ] 
 2, -239.99493408203125, [0.5899878 0.5408584 0.5389701 0.5288645 0.4459153],  [0.59001744 0.540865   0.53898424 0.5288816  0.44589975], [0.5900352  0.5408626  0.5389999  0.5289271  0.44590405] 
 2, -205.99136352539062, [0.5939905  0.5411024  0.54349697 0.5328813  0.4501349 ],  [0.59397763 0.5410832  0.54350114 0.53295296 0.4501577 ], [0.5940098  0.5411118  0.5434969  0.53288805 0.45012882] 
 2, -185.8007354736328, [0.58945644 0.54037946 0.54478925 0.53407675 0.4516437 ],  [0.58944637 0.5403695  0.54485255 0.5340833  0.45160675], [0.5894165  0.540372   0.544783   0.53401875 0.45162085] 
 2, -182.42257690429688, [0.5918317  0.5399325  0.54532415 0.5352255  0.45285645],  [0.5918079  0.5399402  0.5452964  0.5351562  0.45283535], [0.59183747 0.5399391  0.54529965 0.5351795  0.45283064] 
 2, -230.49615478515625, [0.5890733  0.53848344 0.5396298  0.52911067 0.44584683],  [0.5890782  0.5384883  0.5396182  0.5290953  0.44583157], [0.5890564  0.53848565 0.53958416 0.5290472  0.44581038] 
 2, -200.58810424804688, [0.5914354  0.5398914  0.54272956 0.5329791  0.45004237],  [0.5914109  0.5398901  0.5426938  0.53290844 0.45000163], [0.5914498  0.5398985  0.54273903 0.5330067  0.45005175] 
 2, -280.8685302734375, [0.59039974 0.54160905 0.53766733 0.5283992  0.44419432],  [0.59041965 0.5416143  0.53766334 0.52842337 0.44419384], [0.5904082  0.54160774 0.53765523 0.52839696 0.44420213] 
 2, -265.29266357421875, [0.58943826 0.5385103  0.53811336 0.5277973  0.44458756],  [0.5894426  0.5384995  0.5381436  0.52782404 0.44457743], [0.5894765  0.53851503 0.5381637  0.5278455  0.44457918] 
 2, -240.64578247070312, [0.59014064 0.5374136  0.5445505  0.53399026 0.45203233],  [0.5901484  0.53739965 0.5446098  0.53403944 0.45202863], [0.59016895 0.53741074 0.5446083  0.5340667  0.45205387] 
 2, -306.342041015625, [0.5902182  0.5398781  0.5386846  0.5269235  0.44447204],  [0.59018534 0.5398837  0.53864074 0.52686507 0.44447592], [0.5901999  0.5398872  0.53865165 0.52691555 0.4444988 ] 
 2, -263.57275390625, [0.5904095  0.5364547  0.5380337  0.52756464 0.44425893],  [0.5904161  0.536459   0.53801984 0.52755594 0.44425145], [0.59040666 0.5364466  0.53805447 0.5275822  0.44425082] 
 2, -256.26446533203125, [0.58990264 0.5401659  0.5376444  0.5278366  0.44421643],  [0.5899146  0.54018575 0.53761876 0.5278192  0.444233  ], [0.5898774  0.5401553  0.5376167  0.5278134  0.44423348] 
 2, -245.23886108398438, [0.58938277 0.5390398  0.5390933  0.52890456 0.44578758],  [0.58937633 0.53903353 0.53907603 0.5289017  0.44579262], [0.5893731  0.5390359  0.53907305 0.52883583 0.44574314] 
 2, -254.2626953125, [0.58898896 0.5394762  0.5381733  0.5272958  0.4440108 ],  [0.58897346 0.53946066 0.53815895 0.5272697  0.44398484], [0.5889815  0.539466   0.53819716 0.52729094 0.44399035] 
 2, -186.56748962402344, [0.5912156  0.5397124  0.54503435 0.5340717  0.45199233],  [0.5912432  0.53971785 0.54504067 0.5340966  0.45199978], [0.59124225 0.53970295 0.54508084 0.5341539  0.45200774] 
 2, -207.44107055664062, [0.591061   0.54030746 0.544361   0.5341844  0.4508782 ],  [0.59108555 0.54030883 0.5443642  0.5341946  0.45086595], [0.59107333 0.5403105  0.5443421  0.53416884 0.45086443] 
 2, -216.8963623046875, [0.592053   0.53984267 0.54229075 0.53326243 0.44993463],  [0.59205306 0.5398451  0.54226303 0.53323156 0.44992062], [0.59205246 0.53984034 0.542284   0.53324103 0.4499155 ] 
 2, -199.7233123779297, [0.58933026 0.5386776  0.54554176 0.53538513 0.45293602],  [0.58933777 0.53868484 0.54553545 0.53539956 0.45292246], [0.5893023  0.538683   0.5455014  0.53533185 0.45293993] 
 2, -202.7348175048828, [0.59035397 0.5397711  0.5451327  0.5333145  0.4521261 ],  [0.59031016 0.53976977 0.54509526 0.53327096 0.45216796], [0.5903532  0.53976876 0.5451473  0.5333096  0.4521137 ] 
 2, -230.59278869628906, [0.58900505 0.53715336 0.5397389  0.52916974 0.4458092 ],  [0.58897156 0.53715366 0.5396842  0.52909005 0.44580346], [0.5889459 0.5371397 0.5396972 0.5291083 0.4458217] 
 2, -209.62371826171875, [0.5916396  0.5372453  0.5426063  0.53320926 0.45114043],  [0.59165597 0.5372518  0.5426003  0.5332235  0.4511484 ], [0.5916612  0.53725314 0.5426414  0.5332547  0.45115906] 
 2, -246.52963256835938, [0.58893836 0.538587   0.5395308  0.5292444  0.4457875 ],  [0.5889805  0.53857994 0.5395906  0.5292849  0.44573793], [0.5889597  0.53859043 0.5395549  0.5292592  0.44575742] 
 2, -227.35043334960938, [0.589742   0.5367829  0.53951883 0.5287722  0.44591424],  [0.589748  0.5367775 0.5395412 0.528797  0.4459111], [0.5897535  0.53678656 0.53952324 0.5287764  0.44589812] 
 2, -197.0904083251953, [0.59025174 0.5368516  0.54409915 0.5335976  0.45192274],  [0.5902551  0.53685695 0.54408485 0.53358734 0.4519248 ], [0.5902577  0.5368565  0.5440921  0.5336255  0.45194834] 
 2, -233.5563201904297, [0.5891476  0.53951085 0.539892   0.5290823  0.44563982],  [0.5891546  0.5394952  0.53995407 0.52910095 0.4456067 ], [0.5891885  0.5395056  0.53999597 0.52919805 0.44566083] 
 2, -241.03639221191406, [0.58990824 0.5405312  0.5399847  0.52880144 0.4459642 ],  [0.5899122  0.5405385  0.53996426 0.5288037  0.4459818 ], [0.58990645 0.54052985 0.53995603 0.52877605 0.44596088] 
 2, -203.58139038085938, [0.5927838  0.5391279  0.54578364 0.5348617  0.4526717 ],  [0.59278595 0.5391392  0.54576474 0.5348523  0.45268345], [0.59279376 0.5391352  0.5457789  0.5348634  0.45267805] 
 2, -233.59909057617188, [0.58909684 0.53781295 0.53998476 0.5287152  0.4465424 ],  [0.58913356 0.5378255  0.53997505 0.5287547  0.44657254], [0.5891258  0.53781945 0.5399942  0.52876365 0.44657797] 
 2, -265.9595947265625, [0.5898069 0.5381837 0.5376516 0.5278668 0.4444323],  [0.589848   0.5381891  0.5376522  0.52788943 0.4444309 ], [0.5897922  0.53818053 0.53762937 0.52781534 0.4444142 ] 
 2, -208.01666259765625, [0.59128433 0.54173094 0.54014456 0.5292019  0.44573733],  [0.59124553 0.5417266  0.5401251  0.5291427  0.44573483], [0.59130454 0.54172724 0.54013914 0.52921057 0.44572237] 
 2, -260.2612609863281, [0.588834  0.5381373 0.5398281 0.5308558 0.4478602],  [0.58883846 0.538117   0.539852   0.53091884 0.4478814 ], [0.588792   0.53810006 0.5398378  0.5308793  0.44784203] 
 2, -220.0561065673828, [0.5898357  0.5378679  0.53913635 0.52960277 0.44612426],  [0.5898887  0.53788966 0.53912234 0.5296561  0.44615257], [0.5898624  0.5378886  0.539124   0.5296056  0.44612235] 
 2, -181.7656707763672, [0.5915988  0.53934073 0.5436274  0.53409255 0.45265892],  [0.5916349  0.53935295 0.5436403  0.53414893 0.45268753], [0.59160227 0.53934574 0.54361796 0.5340917  0.4526684 ] 
 2, -278.7912292480469, [0.5895241  0.5390797  0.5380011  0.52657926 0.4445666 ],  [0.58953214 0.5391059  0.5379873  0.5265723  0.44457644], [0.58952445 0.5390884  0.53794813 0.5265402  0.444571  ] 
 2, -259.6431884765625, [0.5899646  0.5405328  0.5378282  0.52775455 0.44448176],  [0.5900075  0.5405456  0.5378602  0.5278077  0.44448626], [0.58997756 0.5405379  0.5378209  0.5277398  0.44446912] 
 2, -181.50436401367188, [0.592564   0.5395875  0.5446933  0.53494537 0.45241508],  [0.59257525 0.5395872  0.5446839  0.5349389  0.4523915 ], [0.59258926 0.53959656 0.5447109  0.53498197 0.45242518] 
 2, -201.7097930908203, [0.5934848  0.5381719  0.5470926  0.53659403 0.45534748],  [0.59348226 0.53816605 0.5470979  0.5365817  0.45532948], [0.5935065  0.5381858  0.54711974 0.5366452  0.45537007] 
 2, -214.7973175048828, [0.59132487 0.53856236 0.54390705 0.5349038  0.45234415],  [0.5913135  0.5385642  0.54388356 0.5348322  0.4523091 ], [0.59133583 0.5385715  0.54390156 0.5348788  0.45232886] 
 2, -233.05787658691406, [0.58970964 0.539004   0.5412389  0.53096557 0.44823232],  [0.5897095  0.5390019  0.54123753 0.53094095 0.44820487], [0.58974105 0.5390183  0.54121876 0.5309479  0.44821984] 
 2, -212.83877563476562, [0.5904423  0.5370948  0.5423708  0.53216314 0.4498278 ],  [0.59046614 0.537101   0.5423829  0.5321864  0.44982642], [0.5904637  0.537091   0.5423873  0.53219414 0.44982252] 
