 0.4,37,-958.7670288085938,[0.5003127  0.50013936 0.49995983 0.49998975 0.49949768 0.49998885
 0.5001256  0.500011   0.50008386 0.5000254  0.50025016 0.50000095
 0.5000123  0.50000066 0.50007516 0.5000051  0.5001835  0.49997485
 0.4999181  0.4999386  0.49995887 0.500491   0.49995244 0.5001699
 0.49981672 0.49992263 0.50007534 0.5001805  0.5000169  0.5000313
 0.5001849  0.49995136 0.500672   0.50003123 0.49996424 0.4999957
 0.5000047  0.4999913  0.5000046  0.50006914 0.50000095 0.49999046] 
 0.4,6,-2778.308349609375,[0.50001943 0.49994487 0.49996567 0.5000523  0.5000495  0.5000112
 0.50011253 0.4999776  0.50009567 0.4999888  0.5000814  0.50002104
 0.49999171 0.5000076  0.5000199  0.4999895  0.50007564 0.5000206
 0.50009954 0.49994874 0.49999285 0.4999289  0.49999976 0.5000529
 0.49999785 0.5000493  0.5001003  0.49997258 0.49991798 0.5000041
 0.50002986 0.50005126 0.49997294 0.49995005 0.49996376 0.4999622
 0.4999932  0.5000482  0.49994034 0.4999504  0.500043   0.49999344] 
 0.4,32,-346.0919494628906,[0.50000346 0.49998784 0.5000019  0.5000053  0.5000047  0.5000169
 0.50000834 0.5000001  0.50000584 0.4999987  0.5000088  0.50000304
 0.49999678 0.49999958 0.4999987  0.49999893 0.5000172  0.49999762
 0.5000069  0.5000048  0.50000817 0.49998242 0.49999642 0.5000095
 0.500004   0.5000018  0.50000924 0.500011   0.49999464 0.4999932
 0.49999774 0.5000057  0.5000002  0.49999678 0.49999493 0.49999344
 0.4999931  0.499999   0.4999944  0.4999979  0.50000453 0.499996  ] 
 0.4,42,-1328.43896484375,[0.5000055  0.49999338 0.49999046 0.5000028  0.49999458 0.49999565
 0.50000316 0.50000244 0.4999982  0.49999493 0.49999058 0.50000453
 0.49999005 0.5000116  0.49999976 0.49999928 0.49999416 0.5000071
 0.49999863 0.4999991  0.5000102  0.50000507 0.49999595 0.49999815
 0.5000047  0.49999952 0.49999535 0.5000011  0.50000405 0.5000011
 0.5000026  0.4999832  0.5000023  0.5000101  0.5000103  0.4999987
 0.5000081  0.4999994  0.49998438 0.49999928 0.5000043  0.50000095] 
 0.4,35,-296.23565673828125,[0.5000006  0.49999917 0.5000005  0.5000002  0.49999994 0.50000006
 0.5000002  0.50000024 0.5000001  0.49999833 0.49999976 0.5000012
 0.5000012  0.5000001  0.49999988 0.50000066 0.50000066 0.49999988
 0.5000012  0.5000001  0.5000007  0.50000066 0.49999928 0.49999976
 0.49999928 0.5        0.49999952 0.50000006 0.5000001  0.49999905
 0.50000054 0.50000024 0.50000024 0.5000002  0.4999987  0.50000036
 0.5000004  0.5000013  0.5000001  0.5        0.49999982 0.4999991 ] 
 0.4,13,-19.879243850708008,[0.50000006 0.49999994 0.50000006 0.5        0.5        0.5
 0.49999994 0.5        0.5        0.50000006 0.5        0.50000006
 0.49999994 0.50000006 0.49999994 0.5        0.50000006 0.50000006
 0.49999988 0.5000001  0.49999988 0.5000001  0.49999988 0.5000001
 0.5000002  0.5        0.50000006 0.50000006 0.5        0.49999988
 0.5        0.49999988 0.5        0.49999988 0.5        0.49999994
 0.5000001  0.50000006 0.49999988 0.50000006 0.5000001  0.5000001 ] 
 0.4,31,-2282.342041015625,[0.5000266  0.49998695 0.4999789  0.49998128 0.50000465 0.50001097
 0.5000026  0.4999876  0.49999142 0.5000078  0.4999889  0.5000226
 0.49998027 0.49998266 0.5000166  0.4999752  0.4999795  0.5000075
 0.5000013  0.50000334 0.4999953  0.5000136  0.50000924 0.5000058
 0.5000086  0.5000077  0.49999762 0.4999888  0.49998766 0.5000062
 0.50002056 0.50001746 0.49997997 0.49996424 0.49997747 0.50001323
 0.49997592 0.5000079  0.50000614 0.500023   0.49999577 0.5000263 ] 
 0.4,24,-597.8980712890625,[0.50000083 0.5000011  0.50000024 0.50000036 0.49999976 0.49999958
 0.49999982 0.4999997  0.4999994  0.5000002  0.49999917 0.49999976
 0.5000004  0.4999994  0.5        0.49999905 0.50000066 0.5000006
 0.49999952 0.5000002  0.50000083 0.49999928 0.5000014  0.50000006
 0.49999976 0.50000113 0.49999928 0.5        0.5000013  0.500001
 0.49999988 0.49999988 0.49999946 0.49999917 0.5000003  0.50000036
 0.4999997  0.49999887 0.49999952 0.49999976 0.5000006  0.49999976] 
 0.4,30,-814.1668701171875,[0.49999774 0.500003   0.50000346 0.50000006 0.4999979  0.50000143
 0.49999517 0.5000029  0.50000036 0.5000012  0.49999982 0.5000004
 0.49999917 0.5000014  0.5000058  0.49999762 0.50000054 0.50000024
 0.50000095 0.50000435 0.49999827 0.4999988  0.49999893 0.5000006
 0.50000167 0.49999648 0.49999905 0.5000005  0.5000016  0.49999982
 0.49999893 0.4999994  0.50000083 0.49999803 0.50000036 0.49999893
 0.4999991  0.49999964 0.4999985  0.5000003  0.5000068  0.50000125] 
 0.5,37,-930.6738891601562,[0.49999928 0.5000012  0.5000008  0.50000024 0.49999857 0.5000004
 0.4999982  0.49999988 0.5000006  0.49999964 0.5000004  0.49999964
 0.50000197 0.5        0.50000125 0.50000006 0.5000006  0.50000024
 0.50000054 0.50000113 0.5000012  0.49999976 0.499999   0.5000009
 0.49999917 0.5000006  0.49999976 0.5000018  0.5000015  0.49999857
 0.49999857 0.49999952 0.5000009  0.50000125 0.5000005  0.49999946
 0.49999952 0.5        0.5000002  0.4999987  0.5000002  0.50000006] 
 0.5,6,-2725.639892578125,[0.50000316 0.49995172 0.49995136 0.49998772 0.5000252  0.50000256
 0.5000185  0.49998116 0.50003093 0.5000067  0.5000054  0.5000044
 0.4999807  0.49999583 0.50001705 0.4999758  0.50000197 0.49999464
 0.49999928 0.49999863 0.5000117  0.5000252  0.49998987 0.5000169
 0.49999845 0.49998474 0.5000158  0.49998224 0.5000144  0.4999776
 0.50004685 0.5000183  0.49999964 0.49994063 0.4999991  0.49999326
 0.49996942 0.50001234 0.50000334 0.5000232  0.4999956  0.5000172 ] 
 0.5,32,-323.9145812988281,[0.5        0.5000004  0.5000005  0.49999988 0.5000001  0.50000006
 0.5000001  0.5000001  0.49999988 0.49999976 0.49999988 0.49999976
 0.5000002  0.5000003  0.5        0.50000024 0.49999988 0.49999988
 0.49999994 0.49999976 0.49999988 0.5        0.5000002  0.5000001
 0.49999988 0.50000006 0.5000006  0.50000006 0.49999994 0.5000001
 0.49999988 0.49999994 0.49999988 0.5000003  0.5        0.50000006
 0.5000003  0.49999976 0.50000024 0.49999988 0.49999988 0.49999988] 
 0.5,42,-1315.35546875,[0.5000008  0.49998862 0.49998438 0.5000007  0.4999925  0.5000029
 0.5000023  0.49999386 0.49999887 0.49999636 0.4999925  0.5000057
 0.49998802 0.50000155 0.5000018  0.4999932  0.49999076 0.49999124
 0.50000745 0.49999094 0.50000465 0.50000745 0.49999446 0.50000346
 0.50000054 0.50000876 0.5000024  0.4999987  0.4999845  0.5000008
 0.50000465 0.5000105  0.49998724 0.49998808 0.49999    0.5000094
 0.49999154 0.49999952 0.49999595 0.5000043  0.50000095 0.5000162 ] 
 0.5,35,-291.0154113769531,[0.4999963  0.49999952 0.49999446 0.49999893 0.4999962  0.50000054
 0.50000405 0.4999963  0.49999756 0.49999964 0.5000054  0.5000075
 0.50000674 0.4999953  0.5000082  0.49999678 0.5000088  0.5000043
 0.500005   0.4999981  0.50000197 0.50000215 0.50000715 0.50000376
 0.4999931  0.49999774 0.49999368 0.49999964 0.49999726 0.5000052
 0.50001216 0.4999963  0.4999919  0.49999696 0.49999154 0.49999517
 0.49999416 0.50000495 0.4999953  0.49999493 0.49999797 0.50000685] 
 0.5,13,-19.047348022460938,[0.5000007  0.5000009  0.49999923 0.5000002  0.5000001  0.5
 0.5        0.5        0.49999917 0.49999988 0.5000009  0.49999982
 0.49999976 0.49999964 0.49999923 0.50000083 0.49999917 0.5000008
 0.50000024 0.5000002  0.5000008  0.5000006  0.49999923 0.49999988
 0.5        0.49999952 0.49999917 0.5        0.50000006 0.49999923
 0.49999994 0.5000008  0.49999988 0.49999917 0.5000001  0.5000008
 0.5        0.49999976 0.50000024 0.5000008  0.49999988 0.50000006] 
 0.5,31,-2307.41455078125,[0.50004447 0.50002867 0.49994677 0.5000088  0.49999714 0.50000036
 0.5000058  0.49999273 0.49996573 0.4999894  0.50003666 0.50001264
 0.49998486 0.4999913  0.499987   0.50002295 0.49996442 0.50002587
 0.5000196  0.49998766 0.5000419  0.50002617 0.4999708  0.49999988
 0.5000022  0.49999225 0.49997473 0.4999863  0.49998432 0.49998647
 0.5000168  0.5000275  0.4999814  0.4999479  0.4999863  0.5000168
 0.49999583 0.50000584 0.49999928 0.5000308  0.4999987  0.50002456] 
 0.5,24,-602.503173828125,[0.49999958 0.499995   0.49999893 0.4999979  0.5000003  0.5000013
 0.49999976 0.49999762 0.5000024  0.49999988 0.49999815 0.49999917
 0.4999984  0.50000024 0.5000013  0.49999452 0.50000095 0.4999982
 0.5000002  0.50000113 0.49999946 0.50000066 0.50000197 0.50000095
 0.50000083 0.5000007  0.50000143 0.5        0.5000007  0.49999893
 0.5000025  0.50000095 0.499999   0.49999797 0.49999905 0.5000027
 0.49999833 0.5000002  0.5000011  0.5000015  0.50000083 0.5000028 ] 
 0.5,30,-827.250732421875,[0.4999979  0.5000106  0.50001323 0.49999774 0.49998987 0.50001043
 0.4999836  0.50001204 0.5000057  0.5000059  0.49999928 0.49999833
 0.5000015  0.50000054 0.5000203  0.49999142 0.499996   0.50000024
 0.50000834 0.50001717 0.49999523 0.4999913  0.49999404 0.500011
 0.5000026  0.49999142 0.49999344 0.5000076  0.50000745 0.49999475
 0.49999171 0.5000036  0.50000143 0.4999944  0.49999702 0.50000215
 0.49998862 0.5000019  0.49999356 0.50000036 0.5000183  0.5000121 ] 
 0.6,37,-930.5496826171875,[0.50000143 0.4999975  0.49999696 0.50000036 0.49999988 0.5000006
 0.5000031  0.49999988 0.5000018  0.5        0.50000006 0.5000002
 0.49999857 0.5000021  0.5000004  0.5        0.5000011  0.5
 0.50000244 0.4999981  0.5000014  0.49999964 0.49999785 0.50000155
 0.50000006 0.50000006 0.50000083 0.49999988 0.5        0.50000006
 0.5000024  0.50000006 0.50000006 0.5        0.5000005  0.49999917
 0.49999994 0.5        0.49999696 0.50000006 0.49999988 0.5       ] 
 0.6,6,-2725.80419921875,[0.5000014  0.4999342  0.4999318  0.49999213 0.5000185  0.50001013
 0.5000465  0.49999022 0.5000346  0.49999535 0.49999696 0.49999171
 0.49995887 0.50004345 0.50000507 0.49997294 0.50001377 0.49999583
 0.50002974 0.49997205 0.50002605 0.500017   0.49997586 0.5000242
 0.49999934 0.4999953  0.5000339  0.49999136 0.50000674 0.49998188
 0.5000581  0.49999774 0.49999452 0.49998844 0.50000113 0.50000757
 0.4999851  0.50000453 0.4999727  0.49999976 0.5000206  0.5000301 ] 
 0.6,32,-324.3586120605469,[0.49999964 0.49999774 0.49999988 0.499999   0.49999946 0.50000155
 0.49999976 0.49999875 0.5000006  0.49999976 0.4999982  0.49999726
 0.4999969  0.5000002  0.4999991  0.4999954  0.49999893 0.5000009
 0.50000006 0.50000054 0.5000009  0.5000009  0.50000256 0.5000022
 0.5000013  0.5000017  0.49999958 0.5000002  0.5000021  0.4999984
 0.50000095 0.49999976 0.49999845 0.4999982  0.49999988 0.5000016
 0.49999976 0.4999994  0.49999833 0.50000083 0.500002   0.50000155] 
 0.6,42,-1319.641357421875,[0.50000215 0.4999901  0.4999866  0.4999987  0.4999957  0.5000051
 0.4999981  0.49999315 0.5000007  0.49999797 0.49999547 0.5000004
 0.49999475 0.5000007  0.50000453 0.4999869  0.49999774 0.49999988
 0.50000626 0.49999326 0.5000077  0.5000044  0.5000001  0.500005
 0.49999976 0.50000787 0.50000244 0.49999785 0.4999956  0.49999678
 0.5000081  0.50000507 0.49999303 0.49999058 0.49999487 0.5000054
 0.49999636 0.50000095 0.49999875 0.50000346 0.49999756 0.5000132 ] 
 0.6,35,-292.5665588378906,[0.49999958 0.5000011  0.49999988 0.50000006 0.50000006 0.5
 0.5000001  0.49999803 0.5000002  0.50000054 0.5000027  0.49999988
 0.49999928 0.50000036 0.50000036 0.49999994 0.50000024 0.49999964
 0.49999917 0.50000006 0.5        0.5000014  0.50000155 0.49999964
 0.49999994 0.49999976 0.5000002  0.5        0.49999946 0.50000036
 0.50000167 0.49999797 0.4999987  0.5        0.50000054 0.5000001
 0.50000024 0.49999928 0.49999833 0.4999979  0.5000003  0.49999648] 
 0.6,13,-18.969867706298828,[0.49999988 0.49999928 0.5000008  0.5        0.50000006 0.5
 0.50000006 0.50000006 0.5000007  0.49999994 0.4999994  0.5
 0.5        0.5        0.5000005  0.49999928 0.5000008  0.49999946
 0.5        0.5        0.49999917 0.49999994 0.5000006  0.5
 0.5        0.49999994 0.50000083 0.5        0.50000006 0.50000054
 0.50000006 0.49999964 0.5        0.5000006  0.5        0.49999976
 0.5        0.50000006 0.5        0.49999946 0.50000006 0.5       ] 
 0.6,31,-2319.45068359375,[0.5000238  0.49999583 0.49999094 0.49999774 0.49999708 0.50000894
 0.49999928 0.49999785 0.49999917 0.50000054 0.5000011  0.5000021
 0.49999106 0.49999785 0.500013   0.49998784 0.49999237 0.49999905
 0.5000036  0.4999944  0.5000026  0.5000087  0.49999797 0.5000066
 0.50000715 0.500004   0.5000016  0.4999981  0.4999963  0.50000197
 0.50000983 0.50000817 0.49999    0.4999838  0.49999404 0.5000061
 0.4999956  0.49999988 0.49999374 0.5000027  0.5000043  0.5000151 ] 
 0.6,24,-602.4769897460938,[0.5000001  0.49999583 0.49999583 0.49999714 0.50000215 0.50000256
 0.49999857 0.49999827 0.50000155 0.49999952 0.50000054 0.5000015
 0.49999833 0.49999762 0.5000004  0.499995   0.4999979  0.49999774
 0.49999964 0.49999976 0.49999893 0.5000032  0.49999785 0.49999928
 0.49999887 0.4999985  0.5000016  0.49999845 0.5000013  0.49999774
 0.50000423 0.50000435 0.4999994  0.49999386 0.49999774 0.5000013
 0.49999595 0.5000024  0.50000143 0.50000197 0.49999994 0.50000316] 
 0.6,30,-835.936279296875,[0.49999464 0.50001043 0.50001186 0.49999684 0.49999237 0.5000082
 0.4999858  0.50001174 0.5000041  0.50000566 0.49999982 0.49999672
 0.4999988  0.500002   0.5000169  0.49999225 0.49999428 0.49999923
 0.5000061  0.50001466 0.49999303 0.49999297 0.4999947  0.50000715
 0.50000435 0.4999892  0.49999487 0.50000507 0.50000566 0.4999975
 0.49999404 0.50000453 0.49999946 0.49999297 0.4999957  0.5000026
 0.49999154 0.50000215 0.4999919  0.5000019  0.5000167  0.5000089 ] 
