 4, -120.85749053955078, [0.06903325 0.19153608 0.6267605  0.5194668  1.        ],  [0.05558076 0.33507174 0.5863274  0.46291226 1.        ], [0.0752084  0.20725667 0.7230705  0.54958427 1.        ] 
 4, -124.34742736816406, [0.07547621 0.21372257 0.47874618 0.5087584  1.        ],  [0.         0.26117432 0.6171126  0.63059753 1.        ], [0.03010649 0.05424942 0.22023964 0.3189048  1.        ] 
 4, -125.28419494628906, [0.10350946 0.24800488 0.7420719  0.3485181  1.        ],  [0.15118407 0.19900104 1.         0.59042364 0.8766388 ], [0.20145796 0.6321824  0.8625964  0.29140872 1.        ] 
 4, -130.83444213867188, [0.09643025 0.28199676 0.5680793  0.5367403  1.        ],  [0.10687178 0.29991078 1.         0.651146   0.926892  ], [0.1252638  0.17043668 0.74209094 0.49353966 1.        ] 
 4, -128.52337646484375, [0.0795489  0.23886071 0.7169714  0.36562854 1.        ],  [0.07797332 0.287947   0.62506276 0.230734   1.        ], [0.03769063 0.11486426 0.6001492  0.46639842 1.        ] 
 4, -118.10301208496094, [0.03982468 0.13782199 0.7748212  0.46161315 1.        ],  [0.07582565 0.2594076  0.7083285  0.48376164 1.        ], [0.12282401 0.1077686  0.42025864 0.4170741  1.        ] 
 4, -136.67803955078125, [0.12485652 0.12437941 0.4744274  0.5445285  1.        ],  [0.         0.12376615 0.03032291 0.21070933 1.        ], [0.27292323 0.05286321 0.70008457 0.81763774 1.        ] 
 4, -124.7070083618164, [0.09443078 0.24822545 0.6554948  0.46545902 1.        ],  [0.06260776 0.26342356 1.         0.3741324  0.8637475 ], [0.00823617 0.05725401 0.3188384  0.17247155 1.        ] 
 4, -144.830810546875, [0.1250089  0.33288884 0.8219493  0.4703233  1.        ],  [0.09970357 0.21351546 0.44731864 0.526327   1.        ], [0.04001759 0.04678384 0.2485371  0.5136925  1.        ] 
 4, -127.4412841796875, [0.05461145 0.2070136  0.35582167 0.47798398 1.        ],  [0.         0.05688676 0.26396927 0.5054566  1.        ], [0.05637158 0.1930435  0.829417   0.40517995 1.        ] 
 4, -143.89556884765625, [0.18779558 0.15974775 0.699881   0.43198392 1.        ],  [0.03727816 0.12721196 0.33807433 0.1740425  1.        ], [0.05407489 0.14788392 0.44796565 0.55893004 1.        ] 
 4, -136.15196228027344, [0.07899285 0.37032545 1.         0.24586771 0.97647995],  [0.01677836 0.21087669 1.         0.43271446 0.9715229 ], [0.11495073 0.2972877  0.71252376 0.18167488 1.        ] 
 4, -118.13599395751953, [0.06505752 0.2550744  0.7994799  0.40113112 1.        ],  [0.09197123 0.19348554 0.9666228  0.5460909  1.        ], [0.02220696 0.25893053 0.59732234 0.7097412  1.        ] 
 4, -127.2090835571289, [0.10807893 0.26058808 0.6102365  0.6825046  1.        ],  [0.06515663 0.14635701 0.79744107 0.96724474 1.        ], [0.14881577 0.18921381 1.         0.4872133  0.9424284 ] 
 4, -127.1085433959961, [0.12928835 0.3796524  0.68405896 0.5011862  1.        ],  [0.14214922 0.28228405 0.66490006 0.48913965 1.        ], [0.07472248 0.4204025  0.8065309  0.3483166  1.        ] 
 4, -138.96714782714844, [0.03953004 0.2063616  0.55971724 0.50978506 1.        ],  [0.06261707 0.2610118  0.6484938  0.73559576 1.        ], [0.         0.16894366 0.96791345 1.         0.9955377 ] 
 4, -109.40090942382812, [0.05985767 0.16948614 0.4776473  0.5807278  1.        ],  [0.12666985 0.34636196 0.64036596 0.50724894 1.        ], [0.07942799 0.46303    0.57938606 0.29194385 1.        ] 
 4, -132.3804168701172, [0.05886872 0.35009584 0.79702896 0.5182481  1.        ],  [0.11685237 0.3906534  1.         0.39029178 0.85553676], [0.         0.13200007 0.6146078  0.33281615 1.        ] 
 4, -139.27125549316406, [0.09701017 0.32085326 0.6976965  0.45854896 1.        ],  [0.0135695  0.15929112 0.38248244 0.34770268 1.        ], [0.13353229 0.3957696  0.69241697 0.61307245 1.        ] 
 4, -133.06552124023438, [0.06078997 0.1701009  0.29567006 0.47222275 1.        ],  [0.14371972 0.51350844 0.50655276 0.33316377 1.        ], [0.01626989 0.15444411 0.6131698  0.37564075 1.        ] 
 4, -125.78504943847656, [0.05763097 0.29292217 0.58955127 0.56550413 1.        ],  [0.17404336 0.45069405 0.61722606 0.8329534  1.        ], [0.15192819 0.18097787 1.         0.78664327 0.91228193] 
 4, -131.19664001464844, [0.01495283 0.11082461 0.39678454 0.5160148  1.        ],  [0.04028486 0.14615567 0.74615526 0.4635083  1.        ], [0.06857414 0.27043536 0.6921758  0.87851715 1.        ] 
 4, -134.41543579101562, [0.10609428 0.34183797 0.7148508  0.5746317  1.        ],  [0.14098056 0.254774   0.92087615 0.8223163  1.        ], [0.19789398 0.18883738 1.         0.11860628 0.5958818 ] 
 4, -111.35086059570312, [0.08093549 0.37766474 0.6878364  0.406093   1.        ],  [0.0479138  0.27424783 1.         0.47902378 0.7933086 ], [0.05800683 0.1796629  0.57193786 0.24329586 1.        ] 
 4, -130.9193115234375, [0.08670031 0.30455294 0.5243452  0.40100574 1.        ],  [0.03869574 0.15288189 0.4814953  1.         0.86937773], [0.06143072 0.2476015  0.33111882 0.5883751  1.        ] 
 4, -111.2726058959961, [0.06233119 0.13237204 0.3331392  0.4728456  1.        ],  [0.         0.0561243  0.39854255 0.35697067 1.        ], [0.05857404 0.21230352 0.5951476  0.29976934 1.        ] 
 4, -138.2792510986328, [0.02514159 0.14235683 0.4037261  0.5674676  1.        ],  [0.27090034 0.471843   1.         0.28154993 0.8196072 ], [0.04007953 0.47184575 0.9942579  0.36573067 1.        ] 
 4, -116.59219360351562, [0.08897977 0.36832666 0.8172785  0.73829615 1.        ],  [0.08300044 0.39475203 1.         0.16969153 0.3647817 ], [0.09810713 0.3808254  1.         0.30744395 0.9199067 ] 
 4, -129.18727111816406, [0.09012116 0.1850439  0.7053342  0.2810274  1.        ],  [0.00704526 0.06488974 0.20821473 0.35418916 1.        ], [0.04744032 0.24385002 0.5506922  0.16319361 1.        ] 
 4, -116.55970001220703, [0.03989178 0.21294695 0.95725137 0.4593527  1.        ],  [0.04641032 0.30108815 0.9459347  0.49390346 1.        ], [0.04143543 0.24186383 1.         0.25721017 0.92328626] 
 4, -135.61239624023438, [0.13974133 0.23646468 0.8196152  0.50560987 1.        ],  [0.         0.09040771 0.76512814 0.6660869  1.        ], [0.03900367 0.10358708 0.29997677 0.54684365 1.        ] 
 4, -131.00631713867188, [0.13326657 0.41163117 0.83662754 0.57012886 1.        ],  [0.11425601 0.1864858  0.68518925 0.35178366 1.        ], [0.06665232 0.09771369 0.30479535 0.6972865  1.        ] 
 4, -108.83885192871094, [0.06772176 0.20918372 0.34147292 0.50865006 1.        ],  [0.05625086 0.5729746  0.61415195 0.2313833  1.        ], [0.03542566 0.16031379 0.6980573  0.21395874 1.        ] 
 4, -128.82046508789062, [0.17026894 0.38682738 0.9136986  0.6385185  1.        ],  [0.06511389 0.3573119  1.         0.37610707 0.57676846], [0.04222642 0.20496954 0.6806594  0.43504894 1.        ] 
 4, -121.87054443359375, [0.13759062 0.21420848 1.         0.3817189  0.9141129 ],  [0.01703389 0.24980316 0.502838   0.2559847  1.        ], [0.23361747 0.1306705  1.         0.4727689  0.7047856 ] 
 4, -139.73605346679688, [0.06515054 0.18390316 0.43875167 0.46003667 1.        ],  [0.03554226 0.12822722 0.4789729  0.48622718 1.        ], [0.06462243 0.40290982 0.741055   0.46766728 1.        ] 
 4, -144.0692596435547, [0.05227348 0.17752494 0.45774373 0.27131656 1.        ],  [0.19079284 0.25818163 0.32713988 0.6722943  1.        ], [0.07439957 0.1508938  0.24757011 0.31604832 1.        ] 
 4, -111.7769775390625, [0.0132877  0.2555832  0.80248624 0.44903475 1.        ],  [0.16227798 0.43603468 1.         0.39759552 0.7646547 ], [0.0525385  0.27478576 1.         0.16522783 0.19967276] 
 4, -130.84512329101562, [0.1081948  0.21439274 0.77040535 0.43154797 1.        ],  [0.04055556 0.20654693 0.72308534 0.25782287 1.        ], [0.15618591 0.5695463  1.         0.2673112  0.63986963] 
 4, -147.53497314453125, [0.17290512 0.36639133 0.8947302  0.6905843  1.        ],  [0.04409978 0.17250343 0.2670803  0.5009515  1.        ], [0.18381786 0.4138149  0.7986356  1.         0.9663772 ] 
 4, -134.0965576171875, [0.07894333 0.43109432 0.6033122  0.4317046  1.        ],  [0.09041359 0.21686628 0.9830403  0.48615795 1.        ], [0.08403362 0.44698325 1.         0.15250766 0.89076954] 
 4, -126.15558624267578, [0.07186911 0.46972942 0.99102175 0.5664131  1.        ],  [0.03641537 0.11149301 1.         0.4152989  0.99683875], [0.2184102  0.36541238 0.47836724 0.45878574 1.        ] 
 4, -112.9244155883789, [0.05407675 0.10141846 0.43032157 0.37423065 1.        ],  [0.21789697 0.52034926 0.63820094 0.74141496 1.        ], [0.         0.28824425 0.7820337  0.57383066 1.        ] 
 4, -124.54151153564453, [0.08023788 0.16156697 0.5388875  0.42848477 1.        ],  [0.02943758 0.14072745 0.54867417 0.44602627 1.        ], [0.1505506  0.30449137 0.66668445 0.76294804 1.        ] 
 4, -114.33873748779297, [0.02302513 0.2799587  0.9125973  0.7509304  1.        ],  [0.05199625 0.37811002 1.         0.59800977 0.9897057 ], [0.06462216 0.24052607 0.5929818  0.6233335  1.        ] 
 4, -125.33555603027344, [0.05921697 0.19583899 1.         0.37080187 0.9791781 ],  [0.07739515 0.13624083 1.         0.19070543 0.7721968 ], [0.07551934 0.18245561 0.5766204  0.1570244  1.        ] 
 4, -130.8284912109375, [0.07392182 0.25885424 0.82067835 0.5052215  1.        ],  [0.1602954  0.15636477 1.         0.71009076 0.85528165], [0.00529964 0.21101746 0.71187305 0.8752225  1.        ] 
 4, -133.65664672851562, [0.12977901 0.32397434 0.6836111  0.43840045 1.        ],  [0.0649622  0.05820372 0.2550941  0.44166896 1.        ], [0.06535402 0.2859762  0.7261179  0.68016726 1.        ] 
 4, -126.98758697509766, [0.08595582 0.25705773 0.48753768 0.5196473  1.        ],  [0.17692378 0.23535798 0.7432096  0.5469647  1.        ], [0.20038006 0.63500875 1.         0.31690943 0.42357144] 
 4, -130.65419006347656, [0.09780308 0.23959756 0.7216607  0.46473575 1.        ],  [0.05809191 0.15744926 0.5215406  0.48718372 1.        ], [0.10211445 0.22197479 0.6154335  0.8078171  1.        ] 
 4, -134.77638244628906, [0.04285874 0.28549775 0.9536218  1.         0.9517498 ],  [0.15474898 0.41307667 0.89493304 1.         0.8923731 ], [0.10867478 0.09507848 0.36080793 0.58999395 1.        ] 
 4, -123.08654022216797, [0.14094678 0.4761306  0.91182274 0.35854065 1.        ],  [0.07000422 0.25298786 1.         0.6468399  0.86431813], [0.10474287 0.16546346 0.52801937 0.34720522 1.        ] 
 4, -115.89990234375, [0.10946349 0.16883194 0.5375312  0.33531246 1.        ],  [0.11426043 0.14694606 0.812952   0.18374948 1.        ], [0.04478337 0.2116311  0.26798928 0.3576684  1.        ] 
 4, -105.30230712890625, [0.09471365 0.2235038  0.95090634 0.48878363 1.        ],  [0.         0.04928121 0.41121864 0.25409463 1.        ], [0.04208212 0.14453202 0.43231618 0.65985936 1.        ] 
 4, -135.12686157226562, [0.07857876 0.21852219 0.49137047 0.31263083 1.        ],  [0.0609629  0.029054   0.36335212 0.3098841  1.        ], [0.01703476 0.23456085 1.         0.09867378 0.59119976] 
 4, -121.50942993164062, [0.06048998 0.29578862 0.39408827 0.76656765 1.        ],  [0.03515456 0.22097033 0.4003879  0.79576826 1.        ], [0.02239251 0.10906843 0.3334864  0.436825   1.        ] 
 4, -138.66250610351562, [0.05275145 0.16868939 0.3745889  0.40059513 1.        ],  [0.02917747 0.04553635 0.600688   0.40144515 1.        ], [0.0038817  0.0628382  0.16961436 0.47660983 1.        ] 
 4, -129.78866577148438, [0.03414676 0.09452847 0.46492603 0.49793446 1.        ],  [0.08268497 0.22575568 0.18094283 0.3852092  1.        ], [0.05764911 0.20771495 1.         0.8072509  0.9285818 ] 
 4, -123.97162628173828, [0.10996114 0.4343135  0.62422466 0.6483531  1.        ],  [0.13640325 0.59221834 0.8902162  0.73380595 1.        ], [0.04247317 0.2449532  0.7176649  0.652658   1.        ] 
 4, -130.09568786621094, [0.10213008 0.28408998 0.6472531  0.5142408  1.        ],  [0.05361057 0.26205665 1.         0.30383027 0.8556168 ], [0.04752104 0.21780156 1.         0.12910992 0.2696471 ] 
 4, -116.77012634277344, [0.08781321 0.22475192 0.63553065 0.40206927 1.        ],  [0.09160167 0.4095152  0.6590372  0.5852699  1.        ], [0.03517132 0.05832442 0.24963751 0.2034907  1.        ] 
 4, -133.7516326904297, [0.02769064 0.18236887 0.5694518  0.49177113 1.        ],  [0.00804615 0.18703574 0.8118434  0.6677766  1.        ], [0.01328548 0.19597706 0.6126701  0.7819076  1.        ] 
 4, -141.6554718017578, [0.11184759 0.20733249 0.64440435 0.5480754  1.        ],  [0.15076514 0.24969436 0.31012067 0.68255144 1.        ], [0.04170348 0.07515174 0.82015246 0.39511335 1.        ] 
 4, -130.93682861328125, [0.01878796 0.03896934 0.4089536  0.49944216 1.        ],  [0.06874606 0.0937674  0.51795584 0.40798467 1.        ], [0.2237672  0.30630645 0.7691349  0.78386444 1.        ] 
 4, -125.06917572021484, [0.16751178 0.47042674 0.8754562  0.5338816  1.        ],  [0.24396971 0.6781788  0.7976351  0.8669457  1.        ], [0.30848894 0.55677515 0.97141856 0.36259565 1.        ] 
 4, -123.67585754394531, [0.06318717 0.14426948 0.60738415 0.3973038  1.        ],  [0.08571501 0.2077587  0.49437302 0.37998882 1.        ], [0.11342869 0.32191426 0.9387353  0.46476305 1.        ] 
 4, -123.0531234741211, [0.0891136  0.11130622 0.4573439  0.45702475 1.        ],  [0.04180286 0.07988099 0.941403   0.8698449  1.        ], [0.04672474 0.20975432 0.5183975  0.5838202  1.        ] 
 4, -120.71463012695312, [0.06983794 0.3312802  0.7016182  0.93814915 1.        ],  [0.10893224 0.24151132 0.7421026  0.77984005 1.        ], [0.07549319 0.47570056 0.8706456  0.57257485 1.        ] 
 4, -131.60107421875, [0.11467245 0.17497756 0.46108994 0.64424825 1.        ],  [0.01317015 0.18657586 1.         0.48107666 0.8042392 ], [0.19019818 0.17432803 0.6377572  1.         0.7510249 ] 
 4, -129.61996459960938, [0.05496684 0.10753644 0.43243578 0.5499283  1.        ],  [0.08989333 0.11668155 0.43445873 0.42680755 1.        ], [0.0614503  0.10606684 0.36519837 0.37019157 1.        ] 
 4, -137.36964416503906, [0.09367491 0.35190147 1.         0.44844288 0.8766103 ],  [0.0893295  0.35578537 1.         0.27713066 0.992579  ], [0.03036764 0.04151601 0.32364622 0.6890714  1.        ] 
 4, -150.8500213623047, [0.19939819 0.24280052 0.50809616 0.5141596  1.        ],  [0.07013875 0.25499958 0.465642   0.26295438 1.        ], [0.1174788  0.14386445 0.4971281  0.5558332  1.        ] 
 4, -138.77255249023438, [0.03991116 0.18262997 0.76422393 0.29488885 1.        ],  [0.06615119 0.26916033 0.4709013  0.18870503 1.        ], [0.03866512 0.11749541 0.4302181  0.38733524 1.        ] 
 4, -130.97218322753906, [0.05518807 0.15973274 0.46829665 0.49864498 1.        ],  [0.07077328 0.2047599  1.         0.30892578 0.74057627], [0.03072555 0.22463515 0.25425658 0.69093454 1.        ] 
 4, -111.00141906738281, [0.07374291 0.32911143 0.6466049  0.5148353  1.        ],  [0.02500506 0.33915573 0.59630305 0.64682925 1.        ], [0.2140146 0.448432  0.825463  0.5290922 1.       ] 
 4, -119.37371063232422, [0.05293438 0.2120865  1.         0.36768267 0.9996114 ],  [0.14698038 0.5973684  0.82726896 0.42629412 1.        ], [0.06151825 0.06376276 0.22380807 0.45581296 1.        ] 
 4, -115.65805053710938, [0.08563557 0.39781255 0.7735103  0.3469619  1.        ],  [0.03976807 0.45089635 0.7347851  0.38501763 1.        ], [0.02980792 0.24979363 1.         0.3614907  0.78517544] 
 4, -123.76811981201172, [0.10835844 0.2696445  0.6639493  0.5373106  1.        ],  [0.23089354 0.365184   0.7402222  0.4969962  1.        ], [0.08212183 0.25879374 1.         0.29705104 0.24299647] 
 4, -133.7144775390625, [0.04733317 0.15721111 0.34986877 0.57574344 1.        ],  [0.02851433 0.20920123 0.5114978  0.54651207 1.        ], [0.01162634 0.21878071 0.5066688  0.56598336 1.        ] 
 4, -117.25959777832031, [0.09060866 0.16466014 0.37559062 0.42860883 1.        ],  [0.03789238 0.34852776 0.6476373  0.33666593 1.        ], [0.24516827 0.26279274 1.         0.37371668 0.91422033] 
 4, -108.67585754394531, [0.11559808 0.19315702 0.50908387 0.602957   1.        ],  [0.10300409 0.188973   0.46273115 0.575629   1.        ], [0.01975783 0.15479724 0.7075149  0.36537695 1.        ] 
 4, -120.33087158203125, [0.04749724 0.17085265 0.51892984 0.6807293  1.        ],  [0.05966698 0.24281359 0.59552383 0.83662057 1.        ], [0.12584169 0.17969117 0.49067166 0.671548   1.        ] 
 4, -150.72894287109375, [0.09727712 0.18438293 0.8451841  0.47099268 1.        ],  [0.14736138 0.5503381  1.         0.19896674 0.22996175], [0.01984903 0.24547833 0.35467437 0.26085722 1.        ] 
 4, -114.46713256835938, [0.13255337 0.2927342  0.6453521  0.4029332  1.        ],  [0.15454058 0.32169306 0.6215179  0.50896436 1.        ], [0.17986809 0.21828605 0.5464728  0.41817948 1.        ] 
 4, -148.2751007080078, [0.0796077  0.29519227 0.5985564  0.58912444 1.        ],  [0.07781892 0.1771026  0.62199926 1.         0.9499924 ], [0.00276085 0.2309492  0.28930566 0.47079018 1.        ] 
 4, -122.62447357177734, [0.08803043 0.23031409 0.4479847  0.4660817  1.        ],  [0.01914913 0.28539062 0.5250439  0.3614894  1.        ], [0.         0.05205625 0.41571242 0.49968144 1.        ] 
 4, -110.14591979980469, [0.13306102 0.40990478 1.         0.4769466  0.9606333 ],  [0.18892333 0.28629842 0.594593   0.4412781  1.        ], [0.1279411  0.2142966  0.54902804 0.4813465  1.        ] 
 4, -124.93516540527344, [0.05584953 0.19639908 0.49206993 0.40534446 1.        ],  [0.01476412 0.03601627 0.21848616 0.37004834 1.        ], [0.05079666 0.5823383  1.         0.46924013 0.6408206 ] 
 4, -135.49765014648438, [0.05581941 0.28968456 0.60695726 0.4624257  1.        ],  [0.08855119 0.1320337  0.36826178 0.39457038 1.        ], [0.         0.3492653  1.         0.14736094 0.3665334 ] 
 4, -127.9582748413086, [0.07439981 0.20992652 0.3446357  0.45231536 1.        ],  [0.06835786 0.05351349 0.18358043 0.683473   1.        ], [0.05526452 0.07766075 0.18246578 0.46117163 1.        ] 
 4, -122.255126953125, [0.10390643 0.22544102 0.61789083 0.60743153 1.        ],  [0.04766326 0.1464511  0.3321118  0.61778426 1.        ], [0.2301939  0.60876274 1.         0.38696748 0.55709153] 
 4, -129.12799072265625, [0.07041276 0.34427205 1.         0.7105333  0.9327654 ],  [0.10718116 0.13717191 0.55223906 0.6554345  1.        ], [0.16888183 0.24158297 0.33009973 0.3385394  1.        ] 
 4, -110.35680389404297, [0.10953891 0.1512397  0.5009093  0.56108123 1.        ],  [0.14045247 0.3453391  0.48896548 1.         0.90205276], [0.06410047 0.33927256 0.7619239  0.69893146 1.        ] 
 4, -130.9931640625, [0.03838202 0.13701108 0.6427018  0.44680485 1.        ],  [0.01426459 0.12344655 0.8285265  0.54918265 1.        ], [0.10381723 0.186305   0.26554295 0.4086095  1.        ] 
 4, -115.36457061767578, [0.07481077 0.24092342 0.4366554  0.5526681  1.        ],  [0.08027368 0.12140103 0.5865682  0.57470083 1.        ], [0.0533363  0.16815235 0.55378073 0.49192494 1.        ] 
 4, -125.96691131591797, [0.19825462 0.39397532 0.9216585  0.41042852 1.        ],  [0.06677995 0.37770274 0.7163154  0.20125349 1.        ], [0.         0.28535476 0.4623813  0.18256244 1.        ] 
 4, -119.12603759765625, [0.11646691 0.22787125 0.73456615 0.48685935 1.        ],  [0.04380699 0.21758647 0.40852734 0.46530107 1.        ], [0.04666791 0.17299812 0.4835055  0.3366346  1.        ] 
 4, -124.406494140625, [0.02040486 0.09526967 0.3475601  0.45403236 1.        ],  [0.         0.24396122 1.         0.736413   0.9100392 ], [0.02427874 0.09625498 0.338729   0.4026734  1.        ] 
 4, -116.65584564208984, [0.06369628 0.11499429 0.6848809  0.4120862  1.        ],  [0.09636768 0.1174406  0.45960662 0.43596148 1.        ], [0.04141016 0.16241656 0.89778787 0.85538876 1.        ] 
 4, -123.03648376464844, [0.0785827  0.16435124 0.5616629  0.53383344 1.        ],  [0.01332282 0.21916771 0.78940004 0.34621853 1.        ], [0.13039888 0.41729727 1.         0.30376855 0.8303992 ] 
