 5, -160.93324279785156, [0.10796776 0.33757427 1.         0.32678178 0.43582153],  [0.19571027 0.8785284  0.82689834 1.         0.44230223], [0.01409384 0.35446498 1.         0.25727728 0.50553256] 
 5, -148.5078125, [0.21609585 0.38753593 1.         0.46739167 0.81017166],  [0.06725087 0.74923104 1.         0.9379894  0.9516745 ], [0.04041295 0.22712305 1.         0.22325705 0.7858706 ] 
 5, -155.64817810058594, [0.16786848 0.4991489  1.         0.5629155  0.76387113],  [0.0509472  0.3659347  1.         0.35529545 0.53916097], [0.11855045 0.708785   1.         0.375005   0.7400257 ] 
 5, -155.36685180664062, [0.04675145 0.20372385 1.         0.2422531  0.4715568 ],  [0.06687133 0.22785419 1.         0.39622307 0.35748836], [0.0369593  0.10101812 1.         0.1917884  0.42176712] 
 5, -142.01080322265625, [0.11738449 0.2686835  1.         0.21805003 0.45819545],  [0.02825884 0.46087348 1.         0.15620334 0.5390561 ], [0.15730315 0.32639176 1.         0.33070955 0.47429645] 
 5, -137.0926055908203, [0.07933689 0.28104103 1.         0.14397193 0.5166157 ],  [0.05251486 0.1153766  1.         0.18273768 0.48605755], [0.11748036 0.24977715 1.         0.35978514 0.62674254] 
 5, -155.26431274414062, [0.14236501 0.34758085 1.         0.48777857 0.6821234 ],  [0.15732193 0.58403254 1.         0.45034736 0.6409151 ], [0.09184738 0.15356584 1.         0.1714723  0.49153826] 
 5, -145.16452026367188, [0.12283513 0.37470612 1.         0.2513954  0.471324  ],  [0.03233839 0.22600946 1.         0.1442244  0.3428052 ], [0.08204532 0.25874662 1.         0.35025972 0.52318233] 
 5, -138.6969757080078, [0.07959106 0.22995088 1.         0.22348122 0.5081023 ],  [0.04109827 0.37939227 1.         0.144198   0.4985196 ], [0.10292441 0.3969049  1.         0.4535565  0.5732813 ] 
 5, -154.4394073486328, [0.05997565 0.49045426 1.         0.4827049  0.50958985],  [0.07398926 0.48119292 1.         0.41588816 0.508336  ], [0.09884148 0.38555717 1.         0.2856907  0.49788535] 
 5, -158.32395935058594, [0.07736897 0.42623326 1.         0.4313478  0.46622685],  [0.17893365 0.48809358 1.         0.23085108 0.35462093], [0.12705195 0.44748312 1.         0.39610547 0.3023621 ] 
 5, -136.71327209472656, [0.14707814 0.42469335 1.         0.35869667 0.41511607],  [0.04822088 0.5749414  1.         0.23865007 0.38605362], [0.08848027 0.25567144 1.         0.2878572  0.5223013 ] 
 5, -143.07415771484375, [0.08998884 0.21477233 1.         0.22722922 0.5940551 ],  [0.08997633 0.11771982 1.         0.17611597 0.843577  ], [0.05860891 0.28190553 1.         0.30080318 0.45331037] 
 5, -155.57815551757812, [0.08165246 0.23778409 1.         0.2814099  0.6686903 ],  [0.09805535 0.34565297 0.9726251  0.24973425 1.        ], [0.06801907 0.07594302 1.         0.09173171 0.6676381 ] 
 5, -154.3849639892578, [0.08241492 0.2618942  1.         0.2494959  0.4802847 ],  [0.13974915 0.30882412 1.         0.23081893 0.5440682 ], [0.1335969  0.53433365 1.         0.45954496 0.383923  ] 
 5, -145.42832946777344, [0.04750241 0.26091245 1.         0.19890721 0.5185383 ],  [0.15811895 0.3073334  1.         0.38970065 0.97334254], [0.0388854  0.24728796 1.         0.1724359  0.7365853 ] 
 5, -143.79356384277344, [0.16867489 0.30223733 1.         0.4259155  0.34302905],  [0.03533053 0.22001876 1.         0.18291704 0.46574062], [0.09349291 0.31081304 1.         0.20518948 0.28222075] 
 5, -154.74472045898438, [0.06465773 0.3573462  1.         0.40576485 0.49491593],  [0.10888764 0.4063953  1.         0.5440781  0.5372165 ], [0.04434896 0.32905188 1.         0.36983228 0.453145  ] 
 5, -146.15847778320312, [0.13628075 0.36363453 1.         0.46353066 0.45400503],  [0.1411827  0.33822757 1.         0.35304487 0.47918457], [0.09975763 0.4409407  1.         0.23945211 0.4425052 ] 
 5, -145.95034790039062, [0.09414665 0.31787392 1.         0.2607011  0.621373  ],  [0.08419561 0.12534621 1.         0.05250351 0.5401244 ], [0.00611015 0.16414261 1.         0.11525948 0.4734051 ] 
 5, -152.4039306640625, [0.06419031 0.1737504  1.         0.3756067  0.5636438 ],  [0.12327972 0.39681238 1.         0.42466682 0.7307884 ], [0.08979169 0.3029035  1.         0.427432   0.35082743] 
 5, -141.57174682617188, [0.0533194  0.13113678 1.         0.22393143 0.51609415],  [0.06281102 0.27887022 1.         0.24291028 0.62165195], [0.02252432 0.13031517 1.         0.25028893 0.43560302] 
 5, -152.3853302001953, [0.11424103 0.34228373 1.         0.4396877  0.5812806 ],  [0.15963282 0.5485526  1.         0.63133734 0.6578581 ], [0.15421206 0.4367684  1.         0.09769574 0.3860267 ] 
 5, -151.71517944335938, [0.06206484 0.33237526 1.         0.1515649  0.5929446 ],  [0.08512459 0.29887694 1.         0.160513   0.25911218], [0.09786695 0.37655827 1.         0.1816425  0.5865389 ] 
 5, -148.25027465820312, [0.10105379 0.25729397 1.         0.1701819  0.506273  ],  [0.13911057 0.22912021 1.         0.35998178 0.22561109], [0.09974806 0.394254   1.         0.33484972 0.4164525 ] 
 5, -151.923583984375, [0.07764051 0.2743808  1.         0.18849702 0.3954769 ],  [0.15650046 0.48433098 1.         0.22314478 0.6579547 ], [0.11939359 0.17770375 1.         0.26266962 0.69137895] 
 5, -157.76089477539062, [0.04397019 0.26105246 1.         0.12882462 0.52168614],  [0.06268103 0.45715812 1.         0.25471327 0.41841948], [0.04235946 0.5391433  1.         0.31200376 0.63791734] 
 5, -152.95208740234375, [0.15144908 0.25572243 1.         0.32069027 0.59061724],  [0.09242287 0.14987531 1.         0.41052243 0.43943623], [0.15869394 0.23812339 1.         0.7544354  0.49426585] 
 5, -147.24082946777344, [0.06994919 0.21489318 1.         0.35558406 0.44940853],  [0.24505481 0.29850844 1.         0.6111955  0.46266806], [0.0367816  0.20990875 1.         0.07519528 0.45572188] 
 5, -157.89569091796875, [0.1135896  0.39113677 1.         0.38122147 0.5792617 ],  [0.11206143 0.36277056 1.         0.45547628 0.308069  ], [0.12925498 0.323081   1.         0.25503334 0.59845465] 
 5, -159.3482208251953, [0.10664866 0.29493418 1.         0.29372093 0.45633876],  [0.05365698 0.13025585 1.         0.17956783 0.31265554], [0.02166874 0.10685959 1.         0.13712683 0.28834972] 
 5, -146.6945343017578, [0.05825444 0.2657866  1.         0.26523706 0.41196135],  [0.12003816 0.31118572 1.         0.188332   0.29416192], [0.08074193 0.26392967 1.         0.14583685 0.38205343] 
 5, -145.59706115722656, [0.19598551 0.40636793 1.         0.30824143 0.4347512 ],  [0.00828429 0.29341114 1.         0.2291159  0.23279235], [0.01689193 0.27966696 1.         0.1428343  0.49521455] 
 5, -171.04733276367188, [0.10921001 0.38109156 1.         0.6185174  0.45309943],  [0.23377872 0.32031313 1.         0.6247857  0.5094872 ], [0.13747273 0.6002067  1.         0.32838386 0.85953444] 
 5, -162.8221893310547, [0.05457716 0.28405192 1.         0.24980219 0.42779914],  [0.11061414 0.28550568 1.         0.22113614 0.5121038 ], [0.05781122 0.21953575 1.         0.30422646 0.52796626] 
 5, -137.48019409179688, [0.11356807 0.32000113 1.         0.20676829 0.22466975],  [0.06368841 0.40337628 1.         0.64444005 0.36710986], [0.07892759 0.33242553 1.         0.3000976  0.22246234] 
 5, -172.8163299560547, [0.10780178 0.39067614 1.         0.47021687 0.7259997 ],  [0.10847791 0.46096808 1.         0.5446933  0.6146647 ], [0.05726628 0.5496312  1.         0.24217781 0.6878047 ] 
 5, -141.43946838378906, [0.10829605 0.33461487 1.         0.42667    0.62551033],  [0.13111565 0.16759592 1.         0.24537599 0.35884812], [0.2098105  0.31939867 1.         0.3620052  0.33680803] 
 5, -154.80979919433594, [0.06909119 0.22618976 1.         0.26257494 0.39308956],  [0.03580965 0.50510734 1.         0.62086535 0.6113333 ], [0.129306   0.39644694 1.         0.41929537 0.41061294] 
 5, -131.1856231689453, [0.08241561 0.53212506 1.         0.6207528  0.42194223],  [0.15207927 0.508265   1.         0.20777443 0.55861294], [0.2686318  0.54740447 1.         0.87502503 0.47896388] 
 5, -135.72068786621094, [0.08402136 0.4666163  1.         0.48664817 0.42389303],  [0.08806447 0.3001476  1.         0.3279227  0.32244858], [0.0777381  0.5018883  1.         0.29627898 0.38123995] 
 5, -155.80027770996094, [0.1389675  0.432149   1.         0.38373134 0.4184261 ],  [0.1400153  0.65248597 1.         0.37122557 0.7691929 ], [0.1483268  0.4854654  1.         0.28468952 0.44255352] 
 5, -165.36431884765625, [0.05020213 0.22046514 1.         0.32540166 0.3325823 ],  [0.09090579 0.30879733 1.         0.44146594 0.47123042], [0.0391151  0.32131067 1.         0.3940499  0.47803646] 
 5, -130.22389221191406, [0.0464369  0.23778366 1.         0.19647504 0.5907715 ],  [0.         0.23883082 1.         0.207132   0.7287827 ], [0.22667164 0.49940994 1.         0.28952342 0.6533637 ] 
 5, -138.7067413330078, [0.09469778 0.31290606 1.         0.31213465 0.9477703 ],  [0.10330423 0.29208168 1.         0.09003848 0.9631169 ], [0.07871128 0.22433144 1.         0.20642693 0.71751887] 
 5, -167.4336700439453, [0.08487328 0.32379848 1.         0.3505536  0.33656678],  [0.18318528 0.5069192  1.         0.5582647  0.39835826], [0.17480542 0.25785196 1.         0.14564893 0.40245235] 
 5, -152.0901641845703, [0.06632972 0.3757884  1.         0.24738128 0.7082669 ],  [0.06385467 0.40601754 1.         0.22717203 0.6064902 ], [0.07788589 0.38631162 1.         0.2543719  0.54201317] 
 5, -155.12179565429688, [0.09383927 0.37153357 1.         0.2870928  0.4696227 ],  [0.16987099 0.44033772 1.         0.35329095 0.470061  ], [0.02013542 0.2872497  1.         0.19694927 0.44959298] 
 5, -144.38656616210938, [0.07595213 0.20780683 1.         0.32662344 0.47975975],  [0.03630013 0.12714931 1.         0.11537088 0.6141539 ], [0.0226614  0.2902044  1.         0.21767676 0.30288312] 
 5, -161.6590118408203, [0.04577393 0.2669075  1.         0.25196683 0.36680114],  [0.15388826 0.44303906 1.         0.1994493  0.3734169 ], [0.05311661 0.21321726 1.         0.17203695 0.35431954] 
 5, -152.28526306152344, [0.10638992 0.4282751  1.         0.46802092 0.47810686],  [0.11618722 0.36868978 1.         0.23611416 0.4274568 ], [0.1036549  0.2763689  1.         0.33906844 0.62203944] 
 5, -149.41204833984375, [0.0584338  0.17129484 1.         0.2713278  0.3685249 ],  [0.05390974 0.13398601 1.         0.18586041 0.3629188 ], [0.19250403 0.29254714 1.         0.25093463 0.56874615] 
 5, -161.66574096679688, [0.1051409  0.53470206 1.         0.4710791  0.9030244 ],  [0.12740651 0.24891779 0.9879008  0.45460883 1.        ], [0.10525998 0.42234415 0.9206115  0.57282615 1.        ] 
 5, -137.95645141601562, [0.12577687 0.26768926 1.         0.47015628 0.54887617],  [0.02037145 0.11098945 1.         0.10556629 0.34365335], [0.05137333 0.18623014 1.         0.09091484 0.86848766] 
 5, -142.2841033935547, [0.074694   0.3063995  1.         0.32588965 0.332049  ],  [0.08162499 0.0996921  1.         0.2818582  0.3420015 ], [0.03846629 0.27369413 1.         0.24097224 0.22171298] 
 5, -161.63262939453125, [0.1132955  0.28158328 1.         0.3768168  0.39480963],  [0.0938145  0.37375733 1.         0.3109185  0.5494035 ], [0.052658   0.21545821 1.         0.2378955  0.4178729 ] 
 5, -163.7032928466797, [0.11087394 0.3334321  1.         0.40423244 0.4931185 ],  [0.0597335  0.37518033 1.         0.314839   0.3315813 ], [0.09234039 0.25329232 1.         0.22170551 0.5169968 ] 
 5, -163.06651306152344, [0.09581178 0.53943866 1.         0.34813774 0.8648684 ],  [0.05865754 0.40602964 1.         0.32301953 0.39209583], [0.06547388 0.43740252 1.         0.5348575  0.4676824 ] 
 5, -146.80081176757812, [0.0952121  0.20380569 1.         0.19128998 0.4297301 ],  [0.204614   0.17648181 1.         0.16990837 0.3643177 ], [0.08334727 0.27165693 1.         0.32694945 0.62399083] 
 5, -155.03372192382812, [0.05058641 0.3098575  1.         0.31120214 0.4926088 ],  [0.06561726 0.15305144 1.         0.36652032 0.45540717], [0.06133082 0.14619362 1.         0.16835372 0.16697064] 
 5, -161.3092803955078, [0.05131473 0.31552425 1.         0.19595863 0.40193474],  [0.05665983 0.3915628  1.         0.26594567 0.23506035], [0.03112679 0.14454083 1.         0.11828423 0.5325999 ] 
 5, -167.91592407226562, [0.08500391 0.24844402 1.         0.31923702 0.42252305],  [0.06624738 0.3283028  1.         0.32118502 0.4914945 ], [0.11259897 0.26076132 1.         0.25784743 0.42950612] 
 5, -157.908203125, [0.07344142 0.3564072  1.         0.36390734 0.42201695],  [0.10444412 0.4595239  1.         0.38243705 0.5572385 ], [0.04567452 0.22178762 1.         0.22006243 0.3704471 ] 
 5, -150.6287841796875, [0.13701707 0.40932372 1.         0.6570336  0.65279347],  [0.11484522 0.38303366 1.         0.38434014 0.37239823], [0.14292872 0.27932075 1.         0.4534873  0.41101423] 
 5, -146.86476135253906, [0.14303535 0.4748112  1.         0.45804787 0.48238277],  [0.05160923 0.33079916 1.         0.17734565 0.50838983], [0.1831213  0.42583984 1.         0.31964388 0.31824687] 
 5, -139.1042938232422, [0.04503329 0.35138124 1.         0.31287155 0.44303837],  [0.05136644 0.11490053 1.         0.13194005 0.44532207], [0.13792299 0.3503726  1.         0.24081863 0.59036946] 
 5, -149.2726593017578, [0.09035403 0.22391061 1.         0.33993253 0.36719492],  [0.16121206 0.33770826 1.         0.61098236 0.5138288 ], [0.02330334 0.21278106 1.         0.5351381  0.24448967] 
 5, -143.48406982421875, [0.10159095 0.516301   1.         0.40462568 0.82882786],  [0.08377661 0.26054505 1.         0.1718181  0.49509147], [0.0733998  0.32948196 1.         0.24933195 0.27759862] 
 5, -163.67591857910156, [0.11424505 0.28321    1.         0.21430136 0.558766  ],  [0.08901192 0.29509562 1.         0.2283765  0.4456101 ], [0.1220596  0.36825824 1.         0.06280882 0.7559418 ] 
 5, -138.53968811035156, [0.10221609 0.2956774  1.         0.36120987 0.5588748 ],  [0.0454414  0.47256845 1.         0.48552468 0.6557514 ], [0.10904968 0.41502    1.         0.22326803 0.6198151 ] 
 5, -153.29727172851562, [0.12792665 0.3050317  1.         0.28444505 0.27702647],  [0.1050326  0.25426516 1.         0.22686209 0.37258935], [0.02932922 0.27835742 1.         0.29596373 0.4088575 ] 
 5, -147.7903289794922, [0.07960653 0.22380988 1.         0.24121068 0.51733553],  [0.08815546 0.44604674 1.         0.5972478  0.42245314], [0.11822109 0.2875816  1.         0.23397157 0.48322505] 
 5, -160.2986602783203, [0.0735492  0.27302822 1.         0.3554968  0.6423063 ],  [0.02945371 0.39318472 1.         0.4384865  0.48500416], [0.03550646 0.15584019 1.         0.19804345 0.5774321 ] 
 5, -158.79151916503906, [0.09829051 0.29760873 1.         0.25286725 0.36203432],  [0.17837591 0.20138696 1.         0.609302   0.3793507 ], [0.01857518 0.26616448 1.         0.3437048  0.52926874] 
 5, -143.2520294189453, [0.05662064 0.29344627 1.         0.17160778 0.56127197],  [0.11832351 0.17065667 1.         0.20735386 0.5920467 ], [0.17595094 0.33064002 1.         0.15906012 0.4048192 ] 
 5, -159.10023498535156, [0.1285323  0.33929807 1.         0.34224924 0.6018853 ],  [0.09381216 0.23515159 1.         0.4442012  0.89266676], [0.09390814 0.2641425  1.         0.30702645 0.6980805 ] 
 5, -166.29486083984375, [0.05305371 0.22181611 1.         0.27533704 0.582717  ],  [0.12958397 0.3012052  1.         0.36769906 0.774746  ], [0.06415839 0.12110281 1.         0.1800004  0.45860055] 
 5, -168.31016540527344, [0.07674751 0.33007425 1.         0.27875492 0.58566177],  [0.07230486 0.44208252 1.         0.58914095 0.6339615 ], [0.12974602 0.34518734 1.         0.30217594 0.29260638] 
 5, -153.2642822265625, [0.05650847 0.2329913  1.         0.19881502 0.5834973 ],  [0.02892321 0.14552563 1.         0.28341177 0.36484408], [0.01130498 0.17350267 1.         0.13133357 0.49687117] 
 5, -142.03704833984375, [0.04775976 0.24771392 1.         0.22149955 0.5730412 ],  [0.05092483 0.18529868 1.         0.23696539 0.48904002], [0.14879793 0.3384985  1.         0.41360626 0.6403325 ] 
 5, -151.70782470703125, [0.05784997 0.28551182 1.         0.25262865 0.43025222],  [0.08216365 0.36770433 1.         0.29186028 0.26828232], [0.01992194 0.5410522  1.         0.21155706 0.5201051 ] 
 5, -143.7788543701172, [0.0885295  0.3057379  1.         0.3936283  0.37297797],  [0.12527011 0.53178    1.         0.6333966  0.41077593], [0.11076422 0.2708062  1.         0.39597443 0.7628936 ] 
 5, -146.74722290039062, [0.11986711 0.48345914 1.         0.3907286  0.39334795],  [0.32343042 0.4581988  1.         0.66497886 0.6078477 ], [0.10206402 0.46760014 1.         0.27847168 0.48407763] 
 5, -162.45947265625, [0.08669283 0.37949806 1.         0.3412545  0.557259  ],  [0.03895647 0.19465159 1.         0.2949213  0.5013719 ], [0.05514908 0.17517723 1.         0.2890141  0.30197412] 
 5, -156.7273712158203, [0.09242972 0.26886848 1.         0.2951834  0.3886574 ],  [0.03585781 0.15969293 1.         0.29586858 0.39228982], [0.05622235 0.5467347  1.         0.6101228  0.3519317 ] 
 5, -142.02146911621094, [0.09428094 0.45289707 1.         0.2891526  0.5047896 ],  [0.1285454  0.36135772 1.         0.5961218  0.97350556], [0.02982676 0.21325728 1.         0.29141006 0.37439346] 
 5, -149.31069946289062, [0.04528977 0.1786865  1.         0.24986294 0.5438778 ],  [0.03439225 0.24533013 1.         0.32232586 0.8031256 ], [0.11001375 0.31037974 1.         0.14513047 0.77109414] 
 5, -134.96688842773438, [0.14279352 0.3377968  1.         0.3242714  0.72933817],  [0.10917757 0.18325886 1.         0.16304092 0.81333596], [0.08596552 0.27980968 1.         0.33579797 0.5438383 ] 
 5, -153.4983367919922, [0.10481011 0.2507903  1.         0.29724932 0.3460477 ],  [0.04286997 0.3648185  1.         0.29448617 0.5012092 ], [0.0617042  0.13497752 1.         0.07819647 0.21039975] 
 5, -151.35479736328125, [0.1021084  0.3349688  1.         0.35810015 0.69847465],  [0.31875882 0.42569754 1.         0.5037525  0.97965604], [0.08863159 0.24977022 0.83551216 0.44220015 1.        ] 
 5, -166.38641357421875, [0.0763811 0.2833708 1.        0.3546022 0.478876 ],  [0.06925951 0.37438643 1.         0.34703192 0.5282424 ], [0.06006888 0.28570664 1.         0.20916831 0.2941962 ] 
 5, -172.27444458007812, [0.10900476 0.18300198 1.         0.20434637 0.41021606],  [0.19027999 0.23147418 1.         0.31056002 0.4718022 ], [0.12546253 0.23213279 1.         0.19610341 0.7814179 ] 
 5, -149.2906036376953, [0.12463612 0.2970194  1.         0.26391807 0.57535475],  [0.14024211 0.3654468  1.         0.26241484 0.38684094], [0.08984299 0.17670563 1.         0.22420792 0.50119257] 
 5, -149.23223876953125, [0.10620879 0.35695153 1.         0.40107736 0.5297479 ],  [0.07237527 0.5384354  1.         0.14897057 0.5661336 ], [0.2494357  0.367216   1.         0.3111795  0.56329566] 
 5, -151.82586669921875, [0.1520202  0.63385004 1.         0.38680008 0.7671992 ],  [0.20780347 0.50014025 1.         0.4784068  0.6186646 ], [0.17400154 0.23613524 1.         0.21885726 0.5517103 ] 
 5, -158.08270263671875, [0.09219877 0.3207288  1.         0.29714268 0.7700403 ],  [0.05883877 0.42266592 1.         0.30817693 0.455985  ], [0.07504274 0.3515154  1.         0.29193464 0.6203676 ] 
 5, -159.7444305419922, [0.08713271 0.51643586 1.         0.33558014 0.61942863],  [0.10076075 0.42732137 1.         0.6214768  0.85466385], [0.05391314 0.5149795  0.88319397 0.15619847 1.        ] 
 5, -161.73023986816406, [0.09343513 0.31776923 1.         0.38229716 0.34858444],  [0.17935185 0.588737   1.         0.6378438  0.40630376], [0.06858483 0.19131029 1.         0.20871776 0.45962527] 
 5, -157.14736938476562, [0.07600476 0.30411068 1.         0.35337868 0.5365147 ],  [0.08040729 0.3296693  1.         0.3014165  0.5055755 ], [0.02985581 0.16088389 1.         0.1347797  0.29967448] 
 5, -163.21804809570312, [0.03646486 0.22967169 1.         0.19959638 0.49083647],  [0.16520664 0.22479503 1.         0.6473591  0.3570273 ], [0.04356774 0.19555144 1.         0.23434778 0.3654614 ] 
