 2, -315.0616455078125, [0.5947004  0.5356301  0.54117393 0.52839357 0.4453806 ],  [0.5946956  0.535664   0.54117614 0.5284457  0.44542128], [0.594737   0.5356544  0.54116577 0.5284037  0.445376  ] 
 2, -542.3038330078125, [0.5937994  0.53542703 0.53181815 0.5202791  0.435206  ],  [0.593733   0.53540367 0.53181833 0.52023476 0.43520293], [0.59380704 0.5354265  0.5318034  0.520243   0.43517756] 
 2, -250.58609008789062, [0.5934213  0.53290576 0.54080474 0.52850807 0.44542977],  [0.59343255 0.5329131  0.54079944 0.52851635 0.44545949], [0.593426   0.53289825 0.5408147  0.52853435 0.4454367 ] 
 2, -230.150634765625, [0.5971638  0.54057586 0.54533786 0.53258383 0.45063546],  [0.5971555  0.5405731  0.54532534 0.53256845 0.45064002], [0.5971389  0.54055846 0.54532343 0.5325704  0.45062742] 
 2, -216.9687042236328, [0.5949565  0.5414389  0.5446718  0.5330509  0.45090243],  [0.59497845 0.5414462  0.5446911  0.53309625 0.450921  ], [0.59493715 0.54141855 0.5446653  0.5330544  0.45090318] 
 2, -217.4837188720703, [0.5942389  0.5396925  0.5462544  0.5341873  0.45304763],  [0.59421504 0.5397001  0.5462479  0.534118   0.4530417 ], [0.59431183 0.5397373  0.54624104 0.53423166 0.45306107] 
 2, -285.8076171875, [0.5918284  0.53789693 0.54036725 0.5288677  0.4451812 ],  [0.59183294 0.5378894  0.5403468  0.52888626 0.44518045], [0.59181    0.5378799  0.5403384  0.52885354 0.4451606 ] 
 2, -215.52711486816406, [0.59514594 0.5361004  0.54548496 0.5332991  0.4506285 ],  [0.59514815 0.53609765 0.5454985  0.5333011  0.45061988], [0.59514827 0.536099   0.5454625  0.533268   0.45060128] 
 2, -213.99954223632812, [0.5960449  0.5424824  0.5458607  0.5318966  0.45046824],  [0.59603375 0.542487   0.54588085 0.5319145  0.4504906 ], [0.5960792  0.54248536 0.5458072  0.5318545  0.45041934] 
 2, -282.77215576171875, [0.5959795  0.53883713 0.53954935 0.527094   0.44412372],  [0.5960124  0.5388631  0.53958124 0.5271997  0.44416806], [0.59605306 0.5388563  0.53956676 0.5272027  0.44417706] 
 2, -224.67433166503906, [0.5979165  0.53954494 0.5451266  0.5333295  0.45100236],  [0.5979619  0.53954244 0.54517764 0.53341454 0.45101342], [0.59791523 0.53952616 0.5451231  0.53333205 0.4509913 ] 
 2, -351.211181640625, [0.5922582  0.53522795 0.53555095 0.5250688  0.44028467],  [0.5922876  0.53522915 0.53558016 0.5250847  0.44027227], [0.59235173 0.5352402  0.5355592  0.52510446 0.4402408 ] 
 2, -322.14923095703125, [0.595757   0.5392015  0.54237354 0.52975625 0.44752064],  [0.59571195 0.5391762  0.54239297 0.52972424 0.44752088], [0.59578556 0.5391962  0.5423602  0.52975166 0.44748855] 
 2, -336.62420654296875, [0.59420425 0.5384935  0.5392352  0.52654773 0.4435456 ],  [0.5942227  0.5385078  0.53928673 0.52660495 0.44358507], [0.594232   0.5384937  0.539213   0.5265159  0.44351077] 
 2, -288.34259033203125, [0.595517   0.5364397  0.54196    0.5292834  0.44570252],  [0.5955206  0.5364474  0.5419371  0.52929926 0.44570896], [0.5954819  0.536439   0.54195607 0.5292522  0.4457081 ] 
 2, -301.2625427246094, [0.5934876  0.5381268  0.5409099  0.52840143 0.44545835],  [0.59348744 0.53813523 0.54088944 0.5283876  0.44546488], [0.5934907  0.5381308  0.54091614 0.528422   0.44549283] 
 2, -343.8302307128906, [0.5931465  0.53703713 0.5393714  0.52629244 0.4434555 ],  [0.5930748  0.53704756 0.5393568  0.5262404  0.443475  ], [0.59311277 0.5370497  0.53937393 0.5262914  0.44349056] 
 2, -257.63665771484375, [0.5958465  0.5398092  0.54365504 0.52953005 0.44745925],  [0.5958823  0.53982955 0.5436567  0.5295595  0.44747368], [0.59584457 0.5398235  0.5436512  0.52955437 0.44750392] 
 2, -291.90704345703125, [0.5950908  0.5359995  0.5415452  0.5292561  0.44563252],  [0.5950826  0.5360079  0.54149383 0.5291798  0.44559452], [0.59509736 0.5360013  0.54155904 0.5292854  0.4456493 ] 
 2, -283.8182678222656, [0.5929799  0.5333466  0.5392083  0.5280469  0.44516587],  [0.593015  0.5333648 0.5391791 0.5280389 0.4451417], [0.5930469  0.5333638  0.53919315 0.52807957 0.44514912] 
 2, -197.39288330078125, [0.5959892  0.54100865 0.54521275 0.5319359  0.45083174],  [0.5960084  0.54103184 0.5452073  0.5319342  0.45083317], [0.59596914 0.5410214  0.54518867 0.53188753 0.4508435 ] 
 2, -283.4493103027344, [0.59331936 0.5379182  0.5407451  0.5278665  0.44572514],  [0.5933418  0.53790265 0.5407565  0.52792287 0.44572923], [0.5933522  0.53792727 0.5407647  0.52791816 0.44572368] 
 2, -278.79473876953125, [0.5940832  0.53721756 0.5401712  0.5284994  0.44548467],  [0.59416413 0.5372408  0.54014397 0.5285329  0.44547415], [0.59410334 0.5372434  0.54017645 0.5285288  0.44551465] 
 2, -320.7380065917969, [0.59501517 0.5356259  0.5422223  0.52993083 0.44765744],  [0.59504014 0.5356375  0.54222685 0.52996343 0.4476662 ], [0.5950762  0.53564715 0.5422396  0.5300366  0.44771478] 
 2, -359.37933349609375, [0.5925879  0.530671   0.53960264 0.5266957  0.44336164],  [0.5925265  0.5306497  0.53959733 0.52659476 0.44333118], [0.5926    0.5306754 0.5396261 0.5266994 0.4433447] 
 2, -301.3229064941406, [0.5927624  0.5322042  0.5408612  0.52810585 0.44558233],  [0.59273976 0.5321765  0.54088783 0.5281717  0.44562575], [0.59274054 0.5321872  0.5408659  0.5280859  0.44557264] 
 2, -247.37109375, [0.5951421  0.5378984  0.5424777  0.5306522  0.44754958],  [0.5951449  0.5378937  0.5424399  0.53061646 0.4475212 ], [0.5951562  0.53790236 0.54247147 0.5306435  0.44754604] 
 2, -233.088623046875, [0.594933   0.5355337  0.5438414  0.53229713 0.45030385],  [0.59488744 0.5355229  0.54385614 0.53227115 0.45032483], [0.5949095  0.53553057 0.5438486  0.5322821  0.4503232 ] 
 2, -283.9219665527344, [0.59473425 0.5397097  0.5409069  0.52828145 0.44584942],  [0.59477013 0.5397127  0.5409281  0.52833617 0.44586375], [0.5947739  0.53969276 0.5409282  0.528341   0.44583023] 
 2, -267.0729675292969, [0.5965402  0.54035336 0.54238826 0.5297931  0.44739223],  [0.59655887 0.540356   0.5423551  0.5297883  0.4473827 ], [0.5964809  0.54033107 0.5423801  0.5297603  0.44739863] 
 2, -265.85186767578125, [0.594944   0.538111   0.5419166  0.5293258  0.44753882],  [0.59492433 0.5381021  0.5418856  0.52928674 0.4475158 ], [0.59501606 0.53811824 0.54190576 0.52936625 0.4475006 ] 
 2, -290.89801025390625, [0.5956967  0.53832996 0.5423762  0.52955127 0.44741964],  [0.5957342  0.5383315  0.54240173 0.5295724  0.44739005], [0.5956771 0.538322  0.542326  0.5294766 0.4473781] 
 2, -314.688232421875, [0.594702   0.5369578  0.54263216 0.53009987 0.4476347 ],  [0.5946949  0.5369583  0.54258436 0.53003144 0.44759017], [0.5946556  0.5369558  0.54258823 0.530002   0.44759855] 
 2, -227.75537109375, [0.5984568  0.54004645 0.5432319  0.5296316  0.4469767 ],  [0.59846574 0.54004467 0.54318804 0.5296211  0.44696566], [0.59845436 0.5400329  0.54321945 0.52962554 0.44696683] 
 2, -355.59027099609375, [0.59613025 0.54267544 0.53932565 0.5269523  0.4438915 ],  [0.59617764 0.5426769  0.5393008  0.5269963  0.4438915 ], [0.5961387  0.5426734  0.5392952  0.52694046 0.443888  ] 
 2, -230.57614135742188, [0.59497756 0.53843486 0.54446316 0.5329156  0.45058087],  [0.59501994 0.5384393  0.5444546  0.53294694 0.45060617], [0.5949712  0.5384362  0.5444606  0.53288424 0.45056716] 
 2, -300.87518310546875, [0.5934817  0.5371245  0.5405346  0.5274915  0.44538587],  [0.59346414 0.53712076 0.54056036 0.52752215 0.4453979 ], [0.5934705  0.5371301  0.540499   0.5274455  0.44535887] 
 2, -334.9820251464844, [0.59497076 0.5376111  0.54118514 0.52797925 0.44539365],  [0.5949422  0.53762203 0.5411452  0.52792495 0.44538343], [0.5949555  0.5376033  0.54119897 0.52795726 0.44537774] 
 2, -285.5220947265625, [0.5942844 0.536809  0.5392878 0.5274407 0.4438677],  [0.59431064 0.5368284  0.53926533 0.52742964 0.44385165], [0.59429467 0.5368106  0.53927565 0.5274246  0.44383696] 
 2, -286.9903259277344, [0.5940275  0.5335168  0.54294753 0.5304901  0.44754604],  [0.5940231  0.53351814 0.5429258  0.5304337  0.44751003], [0.59399897 0.53350407 0.54293597 0.5304349  0.44751477] 
 2, -295.47491455078125, [0.59399676 0.5361953  0.5409679  0.5289364  0.44555542],  [0.5939775 0.5362017 0.5410067 0.5289774 0.4455919], [0.5940021  0.53619695 0.54098326 0.5289379  0.4455493 ] 
 2, -327.6236877441406, [0.593841   0.53662586 0.5385003  0.5270142  0.44379923],  [0.5938682  0.5366469  0.53848135 0.5269706  0.44375753], [0.5938741  0.53664416 0.53849787 0.5269809  0.4437497 ] 
 2, -298.57659912109375, [0.59371513 0.5375934  0.54104465 0.52801704 0.44543862],  [0.5937623  0.53759617 0.5410008  0.5279797  0.44538796], [0.5936741  0.53756785 0.5410137  0.5279443  0.4453994 ] 
 2, -287.70147705078125, [0.5922339  0.53291214 0.54072064 0.52779454 0.44532365],  [0.59224695 0.5329194  0.5407076  0.5277938  0.44529858], [0.5921735  0.53288645 0.5407459  0.5277944  0.44535393] 
 2, -305.22955322265625, [0.5932148  0.5375063  0.54035723 0.52880996 0.44557807],  [0.5932235  0.53750527 0.5403387  0.5287778  0.44556725], [0.59328234 0.5375291  0.5403278  0.5288225  0.445566  ] 
 2, -231.94049072265625, [0.5950982  0.5392724  0.5421159  0.52981836 0.44737414],  [0.59509856 0.5392835  0.5421362  0.52985907 0.44742107], [0.59505624 0.53928185 0.54212004 0.5298051  0.4474119 ] 
 2, -290.95208740234375, [0.5962506  0.5374884  0.5428463  0.53056544 0.4477531 ],  [0.5962067  0.53748137 0.5428711  0.5305312  0.44776258], [0.5962486  0.53747606 0.54284024 0.5305345  0.44770595] 
 2, -266.7281188964844, [0.5973021  0.5430994  0.5433731  0.5293559  0.44751564],  [0.597316   0.5430896  0.543344   0.5293422  0.44748646], [0.59730977 0.5431131  0.54335016 0.5293334  0.44750115] 
 2, -280.87847900390625, [0.594252   0.54145384 0.54216105 0.53035676 0.44759113],  [0.5943263  0.5414753  0.54216635 0.53041095 0.4475961 ], [0.59417945 0.5414542  0.54219884 0.5303212  0.44764736] 
 2, -283.71484375, [0.5936182  0.53815633 0.54143345 0.5291085  0.44540527],  [0.59363914 0.53814775 0.5414866  0.5292227  0.44546616], [0.5936205  0.5381564  0.5414197  0.52910316 0.44538817] 
 2, -220.59762573242188, [0.5964916  0.53675157 0.54409677 0.53214896 0.45075887],  [0.59651345 0.53676766 0.5440621  0.53212625 0.45073378], [0.59646964 0.5367312  0.54409385 0.53213054 0.45073   ] 
 2, -282.02032470703125, [0.59558976 0.5383739  0.54051155 0.5268349  0.44340724],  [0.5956171  0.53836864 0.5405541  0.5269248  0.4434496 ], [0.5955952  0.5383721  0.5405152  0.5268408  0.44342425] 
 2, -325.45050048828125, [0.59328514 0.5362882  0.54260015 0.5295207  0.4472267 ],  [0.5933152  0.53627497 0.54263765 0.5295876  0.4472329 ], [0.5932582  0.53627586 0.54260284 0.5295237  0.4472395 ] 
 2, -292.7457275390625, [0.5949048  0.53841203 0.54092443 0.52881366 0.4453773 ],  [0.5949367  0.53843427 0.54093933 0.5288706  0.44540396], [0.594987   0.53844947 0.54091835 0.5288805  0.44540328] 
 2, -273.1576232910156, [0.5931932  0.5368053  0.54138654 0.52892    0.44569364],  [0.5932122  0.53680545 0.54136217 0.52892137 0.44567835], [0.59318596 0.5368032  0.54139334 0.5289266  0.44571105] 
 2, -275.3675537109375, [0.592469   0.53459525 0.5415949  0.5286454  0.44544017],  [0.5924875  0.53458583 0.54160476 0.528696   0.44544625], [0.59244525 0.5345809  0.541595   0.52862567 0.44542825] 
 2, -204.42291259765625, [0.594101   0.5396855  0.5439201  0.5317119  0.44980684],  [0.5941553  0.5396944  0.54391724 0.53175753 0.4498055 ], [0.59405994 0.53967756 0.5439095  0.53171486 0.4498139 ] 
 2, -280.3832092285156, [0.59324676 0.5366843  0.5408904  0.52788043 0.4454404 ],  [0.59326994 0.5366954  0.5408498  0.52784556 0.44540527], [0.5932353  0.5367021  0.5409081  0.52790874 0.44549   ] 
 2, -298.85455322265625, [0.5934071  0.5372264  0.540219   0.5288489  0.44572648],  [0.59339565 0.5372121  0.5402496  0.52887464 0.44575548], [0.59340274 0.5372092  0.54026663 0.528909   0.44576362] 
 2, -302.5065612792969, [0.59250385 0.53674626 0.5406156  0.5288356  0.4456654 ],  [0.59242964 0.5367122  0.5405959  0.52877414 0.4456539 ], [0.59250784 0.5367358  0.54063964 0.5288552  0.4456378 ] 
 2, -269.7843322753906, [0.594755   0.54001147 0.541061   0.5284252  0.4456045 ],  [0.59478897 0.5400372  0.5410533  0.52844656 0.44561827], [0.5947874  0.5400272  0.5410411  0.52840376 0.44556737] 
 2, -261.19256591796875, [0.5955201  0.53934073 0.54231    0.53001904 0.44760504],  [0.5954984  0.53933895 0.5422691  0.52995294 0.44759047], [0.59549403 0.5393454  0.5422736  0.5299689  0.44760022] 
 2, -236.21456909179688, [0.59763944 0.5429152  0.54646087 0.53385466 0.4522586 ],  [0.5976971  0.54292464 0.54644746 0.5338605  0.4522267 ], [0.59755087 0.54290974 0.54645824 0.53377086 0.45228493] 
 2, -225.20379638671875, [0.59599024 0.5374714  0.543706   0.53204376 0.4500388 ],  [0.59605646 0.5374783  0.5436823  0.53205657 0.44999492], [0.5959828  0.5374639  0.54369086 0.53199536 0.45000935] 
 2, -280.5820617675781, [0.59564626 0.53349936 0.54005456 0.52727    0.44495663],  [0.5956713  0.5335049  0.5400478  0.5272903  0.44497952], [0.5956216  0.53348565 0.54005873 0.527249   0.4449563 ] 
 2, -303.5235595703125, [0.594557   0.53563654 0.53998864 0.5283334  0.44544947],  [0.5945936  0.53565735 0.5399212  0.5283087  0.4454333 ], [0.59457487 0.5356514  0.53999424 0.52835995 0.44547197] 
 2, -299.2423400878906, [0.5966949  0.53594327 0.54290944 0.5303965  0.44762084],  [0.5967101  0.5359506  0.54287595 0.5303996  0.4476029 ], [0.59671676 0.5359478  0.5429108  0.5304168  0.44762394] 
 2, -302.9503479003906, [0.5942126  0.5359022  0.5405344  0.52816796 0.44549593],  [0.59417564 0.5359054  0.540542   0.5281352  0.44549152], [0.5942151  0.5358921  0.54056454 0.52816385 0.44546783] 
 2, -268.3748474121094, [0.5935256  0.53688073 0.54231304 0.53072137 0.44759256],  [0.5935066  0.5368831  0.5422851  0.53066486 0.4475812 ], [0.5934687  0.53686655 0.54232544 0.5306881  0.4476136 ] 
 2, -244.35101318359375, [0.5973205  0.54321724 0.5445678  0.5321758  0.4500483 ],  [0.59734195 0.5432245  0.5445613  0.5321553  0.45002064], [0.59730846 0.5432213  0.5445654  0.5321538  0.4500507 ] 
 2, -254.4349365234375, [0.5914201  0.53562224 0.5398325  0.5282066  0.4451999 ],  [0.5914384  0.53563446 0.5397857  0.52817297 0.44517538], [0.5913714  0.5356171  0.5398193  0.5281729  0.44520387] 
 2, -239.50686645507812, [0.59439653 0.5383865  0.5428368  0.5297575  0.4473136 ],  [0.5944041  0.5383919  0.54282653 0.5297589  0.44732028], [0.5943509  0.5383575  0.5428249  0.5297286  0.44730958] 
 2, -278.1607360839844, [0.5956087  0.54177076 0.5429169  0.5296567  0.44738385],  [0.59558475 0.54178196 0.5429119  0.52962923 0.44740674], [0.5955818  0.54177725 0.54292923 0.529628   0.44739586] 
 2, -286.3057556152344, [0.59513336 0.540673   0.54185927 0.53041977 0.4476409 ],  [0.59515345 0.5406626  0.54181904 0.5303786  0.44758737], [0.59513867 0.5406611  0.54187334 0.5304004  0.44761637] 
 2, -330.1502990722656, [0.59590924 0.5353237  0.54226506 0.53027034 0.4474623 ],  [0.5958805  0.53531384 0.54224026 0.5302028  0.44743386], [0.59589314 0.53530335 0.54227585 0.5302769  0.44746622] 
 2, -279.0711975097656, [0.5931894  0.5363502  0.5427634  0.53055197 0.44712186],  [0.5931434  0.5363308  0.5427652  0.530522   0.44713116], [0.5931888  0.5363574  0.54273564 0.53051734 0.44710246] 
 2, -269.7481384277344, [0.5952209  0.53852355 0.5404884  0.5289678  0.44513932],  [0.5952662  0.53853154 0.5405156  0.52907497 0.44516918], [0.59526086 0.5385104  0.54048914 0.52906346 0.4451553 ] 
 2, -263.1175537109375, [0.5955376  0.53856874 0.5403994  0.52750534 0.44550833],  [0.5954722  0.53855693 0.5404191  0.52749056 0.44553265], [0.5955132  0.5385631  0.54039234 0.52748847 0.44550616] 
 2, -278.3304443359375, [0.5944961  0.5358482  0.54256487 0.53032285 0.4472433 ],  [0.594499   0.53586084 0.5425851  0.5303336  0.4472495 ], [0.5945491  0.53585386 0.5425727  0.5303564  0.44723356] 
 2, -310.4754333496094, [0.5929267 0.5353839 0.5407145 0.528941  0.4454311],  [0.59293926 0.5353906  0.54069793 0.5289318  0.44542146], [0.59285593 0.5353738  0.5406955  0.52887833 0.44543508] 
 2, -292.3651428222656, [0.59311694 0.53742325 0.54009056 0.5283475  0.44555527],  [0.593111   0.5374213  0.5400808  0.528338   0.44553784], [0.5931123  0.53741354 0.5400977  0.52837676 0.4455458 ] 
 2, -325.9316711425781, [0.59365785 0.5351535  0.5414905  0.5283494  0.44544345],  [0.59370494 0.5351711  0.54148513 0.52836865 0.4454238 ], [0.5936921  0.53517    0.5414631  0.5283289  0.44540155] 
 2, -280.19866943359375, [0.5933948  0.5391954  0.54058707 0.5287075  0.44566026],  [0.5933791  0.53919965 0.54059523 0.52869976 0.44567022], [0.5933763  0.53919756 0.5406025  0.5286708  0.44563386] 
 2, -307.1078796386719, [0.59446174 0.53804606 0.54059863 0.5278525  0.44527572],  [0.5944599  0.5380415  0.54060596 0.5278927  0.445278  ], [0.59449434 0.53806263 0.54057854 0.52787685 0.4452584 ] 
 2, -198.9223175048828, [0.59415066 0.5370977  0.5452697  0.5320668  0.4504528 ],  [0.5941823  0.5371074  0.5452188  0.5320348  0.45041198], [0.5941621  0.53710264 0.5452669  0.532071   0.4504589 ] 
 2, -282.3502502441406, [0.5951778  0.539239   0.54206014 0.5280079  0.4454474 ],  [0.59516627 0.5392339  0.5420316  0.52795625 0.44542032], [0.5951707  0.5392329  0.5420226  0.5279688  0.44541067] 
 2, -312.4547424316406, [0.59551215 0.53507066 0.5397083  0.5271574  0.4438646 ],  [0.5955019  0.53504574 0.5397334  0.5271336  0.44385508], [0.59554595 0.53507555 0.53970367 0.52716655 0.44385353] 
 2, -216.7783203125, [0.59449416 0.5351566  0.54369926 0.53154725 0.44978166],  [0.59446704 0.535154   0.5437267  0.5315762  0.4498222 ], [0.594504   0.5351605  0.54370934 0.53157073 0.4498041 ] 
 2, -258.3840026855469, [0.5960591  0.53518116 0.54218596 0.52962494 0.4474264 ],  [0.596048   0.5351636  0.54217225 0.52962595 0.4474348 ], [0.59599894 0.53515977 0.5421782  0.5295498  0.44742334] 
 2, -216.4969940185547, [0.59618515 0.54425997 0.54546624 0.5335031  0.4521455 ],  [0.5961677 0.5442641 0.5454807 0.5334972 0.452154 ], [0.5961351  0.5442481  0.5454893  0.53347784 0.4521475 ] 
 2, -254.24403381347656, [0.5932329  0.53830916 0.54047453 0.528659   0.44524765],  [0.5932368 0.5383015 0.5404957 0.5286616 0.4452438], [0.59322536 0.53830636 0.5405171  0.5287617  0.4453186 ] 
 2, -286.45257568359375, [0.5930307  0.5357651  0.5405832  0.5284207  0.44579035],  [0.59298736 0.5357546  0.5405655  0.5283626  0.44578683], [0.5930279  0.5357714  0.54057544 0.5284073  0.44578966] 
 2, -281.07330322265625, [0.5938891  0.5387476  0.54042083 0.52792406 0.44528535],  [0.59389865 0.5387461  0.5403797  0.52788305 0.44526798], [0.5938754  0.5387401  0.54041314 0.5278771  0.44526073] 
 2, -290.528076171875, [0.5948691  0.54014397 0.5422692  0.5299691  0.4477773 ],  [0.5949196  0.5401533  0.54230696 0.5300552  0.44781253], [0.59483594 0.5401318  0.5422512  0.5299181  0.44776687] 
 2, -266.38873291015625, [0.59633577 0.53830045 0.54232657 0.5302333  0.44739237],  [0.59631765 0.5382919  0.54233617 0.5302113  0.44737524], [0.5963063  0.53829795 0.54228705 0.5301382  0.44734436] 
 2, -282.1835632324219, [0.59727263 0.5366474  0.5435704  0.530529   0.44771   ],  [0.59726804 0.5366614  0.5435487  0.53051186 0.44771028], [0.5972184  0.5366287  0.5435749  0.5305213  0.44772634] 
 2, -206.33447265625, [0.5960488  0.53805846 0.54432887 0.53260684 0.45064417],  [0.59599864 0.53804463 0.54433304 0.5325581  0.4506464 ], [0.5960551  0.538067   0.5443644  0.53265196 0.4506687 ] 
 2, -300.17816162109375, [0.5952393  0.5377453  0.54221636 0.5282945  0.44741723],  [0.5952314  0.5377345  0.5422046  0.5282641  0.44739792], [0.59517896 0.53772575 0.54223937 0.5282471  0.44742784] 
 2, -268.53778076171875, [0.59382296 0.53422445 0.54098326 0.52896756 0.44548398],  [0.5938878  0.53423494 0.54098195 0.5289789  0.4454223 ], [0.59380436 0.5342224  0.5409415  0.5288693  0.44541407] 
 2, -273.5841064453125, [0.59313476 0.5347432  0.54029036 0.527641   0.44543743],  [0.5930985  0.53472626 0.5402875  0.5275894  0.44540054], [0.59311223 0.5347208  0.5403069  0.5275992  0.4454119 ] 
