 4, -80.46791076660156, [0.54274255 0.4690883  0.5332066  0.5277022  0.55236316],  [0.541664   0.46636683 0.5299301  0.53112733 0.55699134], [0.5388186  0.46760947 0.5311553  0.53009224 0.5582713 ] 
 4, -78.38218688964844, [0.5423793 0.4698074 0.533277  0.5339945 0.5554021],  [0.54096127 0.4669206  0.5296629  0.5335217  0.55911565], [0.54170966 0.4675143  0.5302693  0.5329279  0.5567865 ] 
 4, -104.76688385009766, [0.54146963 0.46694064 0.5305717  0.53198797 0.5569574 ],  [0.5426019  0.47076783 0.5353967  0.5293009  0.5527286 ], [0.54324186 0.466432   0.530163   0.5295769  0.55569446] 
 4, -153.81472778320312, [0.5421591  0.46949375 0.53364295 0.5294321  0.5526955 ],  [0.54051733 0.47244155 0.5368129  0.5250773  0.54977316], [0.54042685 0.46863344 0.5323294  0.5311275  0.5548858 ] 
 4, -84.31326293945312, [0.5398368  0.46812338 0.5315943  0.5292502  0.5564837 ],  [0.54275244 0.46908638 0.5332434  0.5312366  0.5542003 ], [0.53971267 0.46850288 0.5320896  0.52986956 0.55619967] 
 4, -97.48197174072266, [0.5419929  0.46884176 0.5328795  0.5295162  0.55426925],  [0.5407853  0.46879447 0.53275806 0.52916884 0.55584824], [0.5408391  0.47249886 0.53682643 0.5287548  0.5498213 ] 
 4, -146.87420654296875, [0.5415889  0.47034106 0.53433573 0.5258189  0.5506348 ],  [0.54178107 0.47134277 0.53570086 0.5255658  0.5501481 ], [0.54016346 0.46851492 0.5322493  0.5319172  0.55549103] 
 4, -122.08931732177734, [0.54141724 0.4732438  0.5375588  0.5279275  0.5486644 ],  [0.54258937 0.4750753  0.53983074 0.5293721  0.54669386], [0.54119927 0.47108284 0.5351014  0.5295339  0.55165094] 
 4, -95.20523834228516, [0.5415368  0.46988907 0.5338761  0.53135526 0.55376446],  [0.54056746 0.46785843 0.53153914 0.5314913  0.55735725], [0.53910625 0.4701619  0.5340169  0.5293283  0.55548835] 
 4, -119.19895935058594, [0.54154587 0.47193688 0.53613204 0.5314637  0.5512085 ],  [0.53903896 0.47276822 0.53640103 0.52625334 0.5494906 ], [0.54246527 0.47172868 0.53623724 0.52832586 0.5509929 ] 
 4, -97.40353393554688, [0.54028845 0.46808493 0.5314615  0.5282074  0.55409455],  [0.5419588  0.4679713  0.53189135 0.52963215 0.55454797], [0.5406593 0.4675476 0.5310186 0.5296949 0.5556427] 
 4, -93.60810852050781, [0.54118425 0.47009847 0.5338251  0.52811956 0.5523272 ],  [0.540872   0.47046483 0.5343489  0.5293635  0.5520928 ], [0.5400137  0.46738568 0.5306154  0.5311563  0.5567291 ] 
 4, -92.40072631835938, [0.541171   0.4688396  0.5321789  0.53130484 0.55490136],  [0.541925  0.4690774 0.5325526 0.5309328 0.5542792], [0.5410644  0.4674387  0.53075546 0.5311066  0.5574298 ] 
 4, -82.40505981445312, [0.53949577 0.4685579  0.53094196 0.53030264 0.55610734],  [0.5395701  0.46828774 0.5308819  0.5336761  0.5580848 ], [0.5401778  0.4683602  0.53106767 0.5310057  0.5576561 ] 
 4, -92.55284881591797, [0.54160684 0.47018382 0.53392357 0.5299919  0.5529474 ],  [0.5393814 0.4671821 0.5303328 0.5324804 0.5592116], [0.54209906 0.46966913 0.53355443 0.5308424  0.554619  ] 
 4, -127.15254211425781, [0.5420334  0.46803728 0.53175604 0.5282062  0.5546045 ],  [0.5398588  0.4706871  0.5345566  0.52974874 0.5538344 ], [0.5376192  0.4694062  0.53287715 0.5306016  0.5571789 ] 
 4, -94.83952331542969, [0.5400355  0.47196195 0.5362307  0.5302086  0.55219   ],  [0.5414094  0.4682882  0.53199023 0.52973926 0.55461967], [0.5403736  0.47091702 0.5351071  0.5288408  0.55339754] 
 4, -47.084747314453125, [0.5407042  0.46914178 0.53105414 0.53296816 0.5567069 ],  [0.54143316 0.46692914 0.52878064 0.5349201  0.55933493], [0.5415846  0.4707281  0.53301334 0.53045833 0.5542196 ] 
 4, -115.3826904296875, [0.5417351  0.46826458 0.53202444 0.5305509  0.55521494],  [0.54116786 0.46892175 0.5328836  0.53182656 0.55585396], [0.54090834 0.46600965 0.52923644 0.5311962  0.5579636 ] 
 4, -121.07042694091797, [0.54141194 0.46950802 0.53349304 0.5299562  0.5544301 ],  [0.5407087  0.4707602  0.5349772  0.52773994 0.55322075], [0.5419082  0.46832418 0.5324175  0.5302215  0.556152  ] 
 4, -68.67662048339844, [0.5402899  0.46632838 0.52934587 0.53062445 0.5573307 ],  [0.5418605 0.4671172 0.5309085 0.5322419 0.5575618], [0.5400655  0.46823198 0.5314036  0.53237164 0.55521494] 
 4, -119.82379150390625, [0.54092187 0.46849525 0.5325655  0.5331167  0.55621237],  [0.540516   0.47235802 0.5365106  0.5308872  0.55051255], [0.54019344 0.46715912 0.53046024 0.5297101  0.5562613 ] 
 4, -85.62870025634766, [0.54166085 0.4681125  0.53187823 0.5298198  0.55487126],  [0.54077524 0.46786448 0.5316115  0.5307102  0.55630744], [0.5451707  0.47104633 0.5361486  0.53167546 0.55140746] 
 4, -69.91498565673828, [0.540307   0.46936747 0.53188664 0.53252053 0.555379  ],  [0.54177684 0.46897173 0.5318305  0.53480625 0.5557083 ], [0.5410988  0.46862057 0.5313273  0.5318938  0.5568967 ] 
 4, -88.05838012695312, [0.5374243  0.47069606 0.53399754 0.52581334 0.5541944 ],  [0.5412793  0.46952245 0.53305995 0.52654654 0.5514553 ], [0.5415027  0.47166312 0.53626    0.5301879  0.5529341 ] 
 4, -77.653564453125, [0.54212916 0.46798694 0.5314246  0.53357613 0.5556195 ],  [0.5411524  0.46709657 0.5300597  0.53233385 0.5564203 ], [0.5418629  0.46974444 0.533552   0.5318788  0.5546045 ] 
 4, -95.9636459350586, [0.5404008  0.46834975 0.53076196 0.5324958  0.55633897],  [0.54109913 0.46899948 0.531794   0.5312018  0.5561787 ], [0.54116994 0.46804065 0.5306422  0.5312972  0.5568119 ] 
 4, -117.04071044921875, [0.54117024 0.46961227 0.53328913 0.5313963  0.5536196 ],  [0.5415649  0.4708066  0.53472376 0.528641   0.55175287], [0.5431718  0.47030336 0.534695   0.53114927 0.5528474 ] 
 4, -80.10862731933594, [0.5378271  0.46789673 0.5295708  0.533352   0.5602464 ],  [0.53764886 0.46820354 0.5296981  0.5312582  0.5589542 ], [0.53971165 0.46709305 0.5290566  0.5346872  0.56014997] 
 4, -102.43023681640625, [0.5395162  0.47115567 0.53462005 0.5270404  0.5517042 ],  [0.53989035 0.46784648 0.53139037 0.5301655  0.5583522 ], [0.5423215  0.46756575 0.5313112  0.5317885  0.55637145] 
 4, -141.93328857421875, [0.54130954 0.47095895 0.53540623 0.53006494 0.5539573 ],  [0.5399071  0.4737284  0.5384617  0.52870333 0.5520871 ], [0.54239166 0.47151473 0.536131   0.527998   0.5520017 ] 
 4, -78.64472961425781, [0.5411451  0.46831876 0.5323168  0.5313905  0.55717623],  [0.54299736 0.46898684 0.5330525  0.5295001  0.55292404], [0.54198956 0.47390288 0.53843474 0.5279366  0.5477627 ] 
 4, -106.25962829589844, [0.5400737  0.46865994 0.53235215 0.5335015  0.55628717],  [0.5401671  0.46739265 0.530937   0.5291559  0.55709594], [0.5416886  0.4678385  0.5315038  0.53092915 0.5551122 ] 
 4, -74.97901153564453, [0.5424977  0.46771896 0.53160536 0.5299216  0.5550426 ],  [0.5408085  0.46609047 0.5294264  0.53172946 0.5578984 ], [0.5400805  0.46573487 0.52869904 0.52981645 0.55776227] 
 4, -95.74343872070312, [0.54187    0.4682943  0.5323831  0.53316355 0.5560179 ],  [0.54279864 0.46933213 0.53358954 0.52829057 0.5530323 ], [0.54271686 0.46697703 0.53089696 0.53323567 0.55652773] 
 4, -96.64401245117188, [0.54114217 0.46779248 0.5311713  0.53179836 0.556362  ],  [0.541926   0.47061074 0.5343957  0.53001827 0.5523449 ], [0.541229   0.4689646  0.5323687  0.52898085 0.55396026] 
 4, -97.47816467285156, [0.54007673 0.47055984 0.53369665 0.53142715 0.5535828 ],  [0.5404449  0.46932983 0.5323934  0.52951443 0.55517095], [0.5406299  0.47051275 0.5339976  0.53411275 0.5546748 ] 
 4, -116.39329528808594, [0.54078144 0.47044024 0.53402466 0.5292781  0.5523192 ],  [0.5396403  0.4716453  0.53515774 0.52917665 0.5511791 ], [0.5411426  0.46760508 0.53074396 0.53051734 0.5555478 ] 
 4, -101.49221801757812, [0.54065746 0.46711323 0.5306312  0.53113425 0.5573478 ],  [0.54129785 0.46867126 0.5327052  0.5298673  0.5562023 ], [0.5409007  0.46738338 0.53099585 0.5303251  0.55686885] 
 4, -90.5462417602539, [0.5421141  0.47060403 0.5350718  0.53082246 0.5529604 ],  [0.54228216 0.46925023 0.53349066 0.53266627 0.55454445], [0.54230624 0.46844104 0.5324879  0.5274547  0.5545511 ] 
 4, -113.75314331054688, [0.5427292  0.46823144 0.53204453 0.53246444 0.5543987 ],  [0.5395367 0.4675204 0.5306008 0.529859  0.5567058], [0.54051656 0.47177428 0.53560376 0.5257015  0.55082995] 
 4, -73.65676879882812, [0.5424343  0.46677503 0.52998924 0.5326915  0.5573771 ],  [0.543836   0.46885997 0.53261876 0.532786   0.55401105], [0.5406714  0.46772355 0.5308052  0.53204286 0.55691284] 
 4, -92.77767181396484, [0.54115564 0.46960998 0.5338674  0.5302702  0.55417514],  [0.54327166 0.46753603 0.5314141  0.53038585 0.5537973 ], [0.5393001  0.470222   0.5340075  0.5286313  0.55390275] 
 4, -80.22450256347656, [0.5388954 0.4686661 0.5319446 0.5297061 0.5562029],  [0.5428881  0.46764934 0.5315131  0.5312113  0.55518746], [0.54034144 0.47177082 0.5359419  0.52805465 0.55160123] 
 4, -87.75708770751953, [0.5436127  0.46869764 0.5328181  0.5332951  0.5568125 ],  [0.5402893  0.46705768 0.5300931  0.5320896  0.5587551 ], [0.5399466  0.46894065 0.5320751  0.53188294 0.5562868 ] 
 4, -82.5035400390625, [0.5404524  0.47061676 0.534743   0.5316919  0.5538164 ],  [0.5414274  0.4676261  0.53140825 0.5302696  0.55598223], [0.5409837  0.46768036 0.53132296 0.53162724 0.5563003 ] 
 4, -149.65431213378906, [0.5421641  0.46746525 0.5313486  0.5312288  0.5550867 ],  [0.54145783 0.47088262 0.53555214 0.52901846 0.55313784], [0.54262733 0.47032112 0.534728   0.52936506 0.5514183 ] 
 4, -76.27893829345703, [0.54246897 0.4693187  0.5329812  0.53225535 0.55532235],  [0.5419901  0.46771964 0.53114885 0.53363127 0.5579977 ], [0.5402874  0.46963993 0.53290266 0.532922   0.55525124] 
 4, -142.43826293945312, [0.54135233 0.46914923 0.5332341  0.53055006 0.5538511 ],  [0.54099524 0.47098425 0.5355812  0.5305772  0.552956  ], [0.54073864 0.4674438  0.5308763  0.53136224 0.55516505] 
 4, -91.21833801269531, [0.54147255 0.47119716 0.5340159  0.5287078  0.55164874],  [0.5423704  0.46867558 0.5315443  0.53119737 0.5559204 ], [0.5401118  0.46937898 0.5319056  0.53245234 0.55585873] 
 4, -115.21717834472656, [0.54286194 0.46886656 0.53297114 0.5315585  0.55492884],  [0.54013854 0.46853372 0.5319398  0.5303702  0.5558263 ], [0.54171014 0.4664369  0.5297982  0.5327337  0.55729675] 
 4, -144.47598266601562, [0.5423657  0.46731156 0.5312183  0.5328735  0.55540544],  [0.54077196 0.4697652  0.5339884  0.52938    0.55346817], [0.5411121  0.46945685 0.5332719  0.5305725  0.5526845 ] 
 4, -92.24510955810547, [0.54091316 0.46710938 0.5307394  0.5307938  0.5564297 ],  [0.54232806 0.46686178 0.53063506 0.53182226 0.55605596], [0.5421886  0.46840328 0.5323734  0.5281004  0.5535138 ] 
 4, -91.18965148925781, [0.53831065 0.4697522  0.53253645 0.5323332  0.5575902 ],  [0.54058987 0.47045627 0.53372097 0.5314812  0.55552304], [0.5390505  0.4691019  0.5316909  0.53094494 0.55668503] 
 4, -103.68505859375, [0.54114234 0.46951592 0.533476   0.5297129  0.55402577],  [0.5409128  0.46835577 0.5320092  0.52895546 0.55477226], [0.5419003  0.4672862  0.53113997 0.5323088  0.5564967 ] 
 4, -130.3480682373047, [0.5418601  0.46805024 0.53210247 0.53258806 0.55627877],  [0.5380673  0.47078383 0.5343036  0.52758765 0.5538179 ], [0.54096115 0.46932268 0.5330072  0.5312956  0.5535622 ] 
 4, -128.60043334960938, [0.54144764 0.46724898 0.530689   0.5303149  0.55693066],  [0.538939  0.4708102 0.5343481 0.5270857 0.5540133], [0.5422685  0.47091836 0.5351498  0.5298441  0.55302835] 
 4, -99.97171783447266, [0.5415081  0.47070146 0.5347895  0.5296711  0.55226606],  [0.5398137  0.46979523 0.53340775 0.52895796 0.55402887], [0.5424055  0.46846914 0.5325219  0.53263104 0.5554359 ] 
 4, -114.60839080810547, [0.54292065 0.46885556 0.5328236  0.53214073 0.5542517 ],  [0.542457   0.4698794  0.5340307  0.52855194 0.5534471 ], [0.5415832  0.4690014  0.53278226 0.5310829  0.5554168 ] 
 4, -79.40647888183594, [0.5415194  0.46913296 0.5319527  0.5329209  0.5565822 ],  [0.5411944  0.47260135 0.5357745  0.53434324 0.55299145], [0.54270065 0.4738153  0.5376323  0.52680635 0.5516722 ] 
 4, -118.94220733642578, [0.5422773  0.47160083 0.5363461  0.53124464 0.553413  ],  [0.5396412  0.47087115 0.5347609  0.53046614 0.55397624], [0.5422524  0.47085565 0.535308   0.52831405 0.5526844 ] 
 4, -77.74581909179688, [0.5431384  0.46982032 0.53428704 0.5328442  0.55498564],  [0.5414793  0.4679857  0.5314964  0.5298472  0.55524623], [0.5412301  0.46795228 0.5314673  0.53034234 0.5559414 ] 
 4, -103.08290100097656, [0.5407692  0.4715099  0.5359029  0.53330886 0.55393803],  [0.5418222  0.47152552 0.5358486  0.5287302  0.55134976], [0.54348904 0.47004366 0.5345867  0.533057   0.55305994] 
 4, -84.36843872070312, [0.5401832  0.46711883 0.53069645 0.5287358  0.5566799 ],  [0.5420842  0.46838707 0.5321057  0.52929753 0.5529129 ], [0.5425825  0.47195163 0.53688145 0.5268444  0.5507885 ] 
 4, -91.18849182128906, [0.5411981  0.46906507 0.5320121  0.53323084 0.55596584],  [0.54056895 0.46751288 0.52999747 0.5320852  0.5571906 ], [0.53791827 0.47044072 0.53286755 0.53204453 0.5556885 ] 
 4, -70.86666870117188, [0.54059964 0.47236633 0.535522   0.5337468  0.55304587],  [0.54148626 0.46850374 0.53150696 0.5306321  0.5582285 ], [0.5394114  0.4705792  0.5328815  0.52949965 0.5538836 ] 
 4, -107.33120727539062, [0.5419266  0.47000363 0.53381467 0.5295601  0.55240965],  [0.5399092  0.47085607 0.5346241  0.5300491  0.5535219 ], [0.5410122  0.4677137  0.53088236 0.5279218  0.5546274 ] 
 4, -92.25656127929688, [0.5419562  0.46611488 0.5297118  0.5326521  0.55801684],  [0.5415254  0.46988907 0.5340356  0.531625   0.55375963], [0.54363066 0.46781793 0.5318355  0.52816474 0.5544237 ] 
 4, -95.56623840332031, [0.5413144 0.4682624 0.5321445 0.5308995 0.555815 ],  [0.53982913 0.46906093 0.5324094  0.5308175  0.55409205], [0.53979224 0.469838   0.53379464 0.5303977  0.55540836] 
 4, -65.04962158203125, [0.5413534  0.4695657  0.53368694 0.5294149  0.5541863 ],  [0.5438809  0.46720022 0.5313446  0.53385043 0.5555277 ], [0.54137474 0.46692508 0.5306527  0.53011066 0.5572404 ] 
 4, -126.11031341552734, [0.5407394  0.47264376 0.53702956 0.5262877  0.54956496],  [0.5431052  0.47229174 0.53709424 0.5288081  0.54875976], [0.54314417 0.4719629  0.5370526  0.5320051  0.5517045 ] 
 4, -80.6973876953125, [0.5414817  0.47048542 0.5342755  0.5304658  0.55518794],  [0.54039854 0.46891412 0.5323315  0.5314585  0.5577779 ], [0.5386435  0.47004735 0.53325224 0.53387195 0.55751634] 
 4, -130.2608642578125, [0.5415649  0.4696371  0.5336375  0.5283717  0.55338526],  [0.54209125 0.47272265 0.53752226 0.52945095 0.5504103 ], [0.5408831  0.4685549  0.5323167  0.53116316 0.5552937 ] 
 4, -160.23902893066406, [0.542943   0.4692244  0.53351337 0.532325   0.5545634 ],  [0.5404134  0.47181645 0.5359113  0.52668357 0.5510537 ], [0.5420556  0.4679477  0.5318129  0.53077143 0.55561495] 
 4, -111.99986267089844, [0.54086906 0.46991545 0.5337664  0.531254   0.5539566 ],  [0.5423197  0.47156927 0.5364529  0.53090405 0.55368006], [0.5410455  0.46865246 0.5324388  0.5301084  0.5551995 ] 
 4, -111.06199645996094, [0.5420266  0.46788594 0.5316988  0.5291526  0.554709  ],  [0.5401821  0.47217724 0.5361893  0.52944523 0.55035985], [0.5433029  0.4704171  0.53502136 0.5268031  0.5522122 ] 
 4, -116.24620056152344, [0.5415108  0.4701456  0.53372955 0.5298299  0.5521425 ],  [0.5412862  0.4712228  0.53516006 0.5296092  0.5514028 ], [0.54106086 0.46672618 0.53004384 0.5321792  0.5574752 ] 
 4, -140.77059936523438, [0.54011655 0.4720008  0.5362925  0.5273812  0.5518924 ],  [0.5407448  0.47272035 0.5372382  0.5262685  0.55040437], [0.54246145 0.4682783  0.53218275 0.5307116  0.55460346] 
 4, -147.29847717285156, [0.54024833 0.47060055 0.534564   0.52706665 0.5515412 ],  [0.54070646 0.47233716 0.5368272  0.5281318  0.5498335 ], [0.5417665  0.46884957 0.53291285 0.52894926 0.5534254 ] 
 4, -128.4102020263672, [0.54228795 0.467798   0.53178364 0.53048074 0.55518675],  [0.54044986 0.46851525 0.53235877 0.5301374  0.5551703 ], [0.5406639 0.4689192 0.5327672 0.5275548 0.5540758] 
 4, -112.63572692871094, [0.543551   0.4691378  0.53318644 0.5327794  0.5532898 ],  [0.5414119  0.47046778 0.53411466 0.5284338  0.5510393 ], [0.5418956  0.46715245 0.5303996  0.5302323  0.55507094] 
 4, -88.0059585571289, [0.54137653 0.4688249  0.53251654 0.53266937 0.555529  ],  [0.54125327 0.46870667 0.53242576 0.5303005  0.55613786], [0.5419744  0.47097537 0.5351019  0.530047   0.55301607] 
 4, -96.08385467529297, [0.54001397 0.4688413  0.5316893  0.5346711  0.5572595 ],  [0.5406671  0.46728557 0.5299708  0.5328636  0.55827427], [0.5417698  0.46898776 0.53202486 0.5336191  0.55525386] 
 4, -149.89205932617188, [0.5423841 0.4702444 0.5348263 0.5305754 0.5537389],  [0.5405124  0.47131863 0.5355517  0.5295046  0.5524716 ], [0.5416166  0.46983364 0.53414786 0.5303725  0.5538452 ] 
 4, -103.96063232421875, [0.54125965 0.46910638 0.533099   0.5304544  0.5551267 ],  [0.5435221  0.470612   0.5351718  0.52953845 0.5519724 ], [0.54100627 0.47164482 0.5363119  0.53220063 0.5537493 ] 
 4, -96.9957046508789, [0.5405114  0.46680796 0.5298322  0.531814   0.55736244],  [0.5410939  0.46611312 0.52921283 0.5319965  0.55824596], [0.54201615 0.47058454 0.53452146 0.53033483 0.55214196] 
 4, -74.67253112792969, [0.5418288  0.4668093  0.5295552  0.5341975  0.55719066],  [0.5414547  0.46643186 0.529166   0.53483105 0.5582132 ], [0.5420218  0.47122887 0.53468174 0.5312707  0.55219084] 
 4, -102.57569885253906, [0.53981876 0.4690796  0.5323774  0.53086954 0.5548607 ],  [0.54193854 0.4675591  0.5308881  0.53012043 0.5552518 ], [0.5426927  0.47041786 0.53463966 0.53156114 0.55387115] 
 4, -118.88494873046875, [0.5413461  0.46641693 0.5299277  0.53172296 0.55785906],  [0.5411244  0.46919185 0.53303814 0.5287462  0.5544695 ], [0.5411132  0.47012234 0.5340099  0.52915674 0.5531003 ] 
 4, -132.9853973388672, [0.54223853 0.46763882 0.53121793 0.5298471  0.5549407 ],  [0.5402486  0.472394   0.5364016  0.5252996  0.55076844], [0.53827244 0.4718912  0.53560966 0.5276757  0.5524602 ] 
 4, -123.71686553955078, [0.5399807  0.4668645  0.53047967 0.5323467  0.55834526],  [0.53986895 0.46938583 0.5330252  0.52586186 0.5526695 ], [0.54252315 0.47428688 0.53946245 0.5274715  0.54706806] 
 4, -116.66995239257812, [0.54141647 0.46859872 0.5323126  0.53128195 0.55428076],  [0.54267496 0.46940133 0.5336166  0.5291644  0.553485  ], [0.54109895 0.46745777 0.5309631  0.5305038  0.5560198 ] 
 4, -94.02845001220703, [0.5422477  0.47019333 0.5333517  0.530386   0.5531933 ],  [0.5397472  0.468668   0.5310214  0.5283653  0.55533236], [0.54041666 0.47187176 0.5351017  0.5306822  0.55289876] 
 4, -109.51097106933594, [0.5405521  0.4699115  0.5337632  0.52896667 0.55446076],  [0.5409447  0.4701334  0.5337634  0.5299183  0.55350363], [0.54247874 0.4696567  0.5334364  0.5317656  0.5523724 ] 
 4, -89.03349304199219, [0.54263973 0.46850264 0.53272516 0.5312395  0.5548714 ],  [0.5429019  0.46572185 0.5294336  0.5330593  0.5575084 ], [0.5424428  0.46868297 0.5327915  0.5275533  0.5540234 ] 
 4, -137.9164276123047, [0.5404042  0.46977633 0.53340274 0.5289885  0.55234003],  [0.5409272  0.47106412 0.5351978  0.52762944 0.55174875], [0.5404385 0.4714179 0.5357847 0.530844  0.5528   ] 
 4, -150.4456787109375, [0.5429774  0.46896878 0.53340113 0.5321957  0.55401665],  [0.5399527  0.46914765 0.53279316 0.5266203  0.55333805], [0.5406986  0.46935037 0.53307533 0.53033674 0.5529709 ] 
 4, -92.31977844238281, [0.5420997  0.47002143 0.5341753  0.52955717 0.55288357],  [0.53902835 0.4664457  0.5295559  0.53150314 0.5589841 ], [0.54178655 0.46826887 0.53224546 0.53076625 0.55604386] 
 4, -97.126953125, [0.54003865 0.4679904  0.5313314  0.52910405 0.5559431 ],  [0.5393492  0.4681669  0.5315084  0.53292465 0.5574633 ], [0.5397109  0.46983021 0.53311086 0.5279682  0.552626  ] 
 4, -85.18728637695312, [0.54114884 0.46795467 0.5301969  0.5327967  0.5570588 ],  [0.5405096  0.46890032 0.5309886  0.5308089  0.55539507], [0.542116   0.47120494 0.53400075 0.53164005 0.552801  ] 
