 3, -113.66586303710938, [0.6015131  0.54554814 0.5222877  0.51118505 0.42235386],  [0.6015017  0.54554486 0.5222938  0.5111969  0.42235267], [0.6015393  0.5455333  0.52230215 0.51122344 0.42236575] 
 3, -114.34860229492188, [0.60126376 0.5452207  0.5221182  0.511463   0.42263976],  [0.6012627  0.5452461  0.5221075  0.5114555  0.42264897], [0.6012373  0.54522896 0.5221049  0.5114349  0.42263767] 
 3, -95.64051818847656, [0.60103697 0.5452227  0.52234864 0.5118937  0.42300418],  [0.6010511  0.54523325 0.5223414  0.51188827 0.42301956], [0.60104465 0.54522556 0.52234983 0.5118969  0.42299983] 
 3, -69.18856811523438, [0.60096127 0.54505455 0.5226345  0.5118909  0.4230337 ],  [0.6009706  0.5450423  0.5226222  0.51184404 0.42301443], [0.6009751  0.5450489  0.5226458  0.5118846  0.42301938] 
 3, -99.88504028320312, [0.60037506 0.54465324 0.5230243  0.5125855  0.42367393],  [0.600358   0.54466337 0.52301216 0.5125826  0.42367318], [0.60038286 0.5446577  0.5230245  0.51256746 0.4236535 ] 
 3, -105.04751586914062, [0.60124534 0.54524446 0.52204007 0.5115484  0.4226246 ],  [0.601254   0.5452551  0.522042   0.5115421  0.42262197], [0.6012341  0.54524875 0.522031   0.5115016  0.42260233] 
 3, -90.24462890625, [0.601376   0.54549    0.52239364 0.5116416  0.42255735],  [0.60136646 0.54546744 0.5223888  0.51161194 0.4225397 ], [0.6013539  0.5454767  0.5223958  0.5116471  0.42256117] 
 3, -89.87809753417969, [0.6018062 0.545749  0.5222856 0.5110266 0.4219968],  [0.6018142  0.5457442  0.52227503 0.5110237  0.42199945], [0.60180795 0.54576397 0.5222672  0.5110412  0.42202145] 
 3, -104.19654083251953, [0.6008682  0.54542464 0.5221851  0.512079   0.42315724],  [0.60087067 0.54542357 0.5221876  0.5120806  0.4231563 ], [0.6008919 0.5454257 0.5221934 0.5121077 0.4231738] 
 3, -83.16539764404297, [0.60122734 0.54524297 0.5225216  0.5117289  0.42268455],  [0.60121924 0.54523945 0.52250266 0.51171064 0.42267936], [0.60119903 0.5452371  0.5225061  0.51170105 0.4226747 ] 
 3, -101.87968444824219, [0.6011471  0.5452162  0.52209    0.51169115 0.42273688],  [0.60116285 0.545226   0.5220863  0.5117098  0.4227603 ], [0.6011786  0.54521585 0.5221023  0.5116951  0.42272827] 
 3, -91.29193115234375, [0.6011762  0.54512995 0.52213824 0.5114552  0.42268294],  [0.6011346  0.54512256 0.52212536 0.51144654 0.42268652], [0.6011517  0.5451187  0.52214396 0.51145965 0.42268336] 
 3, -89.12268829345703, [0.60078025 0.54545105 0.5227091  0.5120966  0.42330432],  [0.6007705  0.5454425  0.52271265 0.5121107  0.42331064], [0.60077775 0.545449   0.52272487 0.512114   0.4233096 ] 
 3, -107.09027099609375, [0.6014851  0.5454361  0.5220612  0.5114153  0.42240167],  [0.6014956  0.54542756 0.5220709  0.5114083  0.42239276], [0.601456   0.5454452  0.52204615 0.5113963  0.42240644] 
 3, -110.80160522460938, [0.6012362  0.5453771  0.5223258  0.5114484  0.42263836],  [0.6012597  0.5453962  0.52233595 0.5114579  0.4226371 ], [0.6012383  0.545382   0.5223201  0.5114342  0.42263034] 
 3, -92.81082916259766, [0.6009753  0.5451976  0.522187   0.5118138  0.42294875],  [0.60100406 0.5451712  0.5222096  0.5118151  0.42293543], [0.6010025  0.54518735 0.52220416 0.51181513 0.42294046] 
 3, -115.49061584472656, [0.60101724 0.5452222  0.5224991  0.5119368  0.42292175],  [0.60101354 0.54523396 0.5224945  0.51194346 0.4229322 ], [0.60102886 0.5452113  0.52250016 0.5119593  0.42293906] 
 3, -114.46546936035156, [0.60150224 0.5454747  0.5222172  0.5114125  0.42234942],  [0.60145855 0.5454689  0.5222172  0.5114233  0.4223529 ], [0.6015443  0.5454955  0.5222223  0.51145506 0.42236602] 
 3, -114.65421295166016, [0.60097116 0.54506505 0.522454   0.51184577 0.422902  ],  [0.60100293 0.54507875 0.522469   0.51189744 0.4229248 ], [0.600984   0.54508615 0.5224601  0.51189756 0.4229298 ] 
 3, -107.11345672607422, [0.6008406  0.5456478  0.52254814 0.5122639  0.42324492],  [0.6008681  0.5456511  0.52256334 0.5122829  0.42323777], [0.60086066 0.545642   0.52256495 0.51230633 0.42324418] 
 3, -109.93537902832031, [0.60083723 0.54509175 0.52176845 0.5120923  0.42321947],  [0.6008114  0.5450938  0.52176434 0.51210254 0.42322657], [0.6008055  0.5451105  0.5217542  0.51208514 0.42323238] 
 3, -101.45697784423828, [0.60105217 0.5452678  0.5223674  0.51193655 0.4229088 ],  [0.60106117 0.54525036 0.5223669  0.5119263  0.4229014 ], [0.6010523  0.54525435 0.52236646 0.51191145 0.4228897 ] 
 3, -97.7204360961914, [0.6005961  0.5451997  0.52277976 0.51244545 0.42372087],  [0.6005845  0.54518485 0.5227789  0.51242876 0.4237129 ], [0.60057586 0.54519457 0.5227704  0.5123876  0.42369848] 
 3, -107.34424591064453, [0.60165626 0.5456312  0.5223056  0.5112922  0.42222178],  [0.60159844 0.5455906  0.5222938  0.51119924 0.42218217], [0.60166514 0.54561746 0.52230525 0.5112773  0.42222095] 
 3, -92.77677917480469, [0.6010747 0.5450299 0.5217987 0.5118858 0.4228846],  [0.6010334  0.5450373  0.5217903  0.51182395 0.4228528 ], [0.6010523  0.5450256  0.52180564 0.5118636  0.42286107] 
 3, -98.00517272949219, [0.6012742  0.545262   0.5225504  0.51162046 0.42264283],  [0.6012118  0.5452323  0.52253646 0.51154995 0.4226046 ], [0.60125065 0.5452524  0.5225398  0.51159716 0.42262638] 
 3, -97.54415130615234, [0.6010568  0.5451183  0.52227443 0.5117564  0.4228491 ],  [0.6010743  0.5451164  0.5222771  0.5117829  0.42286858], [0.60105675 0.5451123  0.5222726  0.5117654  0.42285058] 
 3, -101.54597473144531, [0.601143   0.54539615 0.5226437  0.51186156 0.4228279 ],  [0.6011472  0.54540116 0.5226313  0.511869   0.42284796], [0.60114634 0.5454106  0.5226357  0.5118732  0.4228545 ] 
 3, -113.09901428222656, [0.60140234 0.5453831  0.52246016 0.5114379  0.42242357],  [0.60142946 0.5453761  0.5224661  0.51146245 0.4224282 ], [0.6014034  0.5453862  0.52246195 0.51145184 0.42243052] 
 3, -111.99006652832031, [0.60106635 0.5455543  0.52242774 0.5117796  0.42284355],  [0.60108703 0.54555064 0.5224374  0.5118045  0.42284846], [0.6010683  0.54556084 0.5224295  0.51182663 0.42286482] 
 3, -88.09123992919922, [0.60069394 0.54481834 0.52262324 0.51220846 0.42335215],  [0.60068935 0.54482293 0.52261794 0.5122074  0.4233592 ], [0.6006863  0.5448446  0.52261287 0.5122391  0.42338178] 
 3, -109.22401428222656, [0.6018191  0.5457657  0.52229434 0.51111037 0.42201427],  [0.6017733  0.54574853 0.52227616 0.51106066 0.42199874], [0.60182124 0.54576105 0.5222825  0.5111196  0.42201617] 
 3, -102.94161987304688, [0.60126907 0.5452688  0.5223864  0.51168215 0.42263052],  [0.6012808  0.54527134 0.52238923 0.51168925 0.42264113], [0.60127586 0.54527706 0.5223851  0.51171625 0.42265433] 
 3, -114.89398193359375, [0.6009983  0.5452068  0.5224908  0.5118028  0.42295635],  [0.600981   0.54520875 0.5224895  0.5118077  0.42296046], [0.6009702  0.54521567 0.52248317 0.5118043  0.42296726] 
 3, -95.98907470703125, [0.60070086 0.54498917 0.5222649  0.51235825 0.42346767],  [0.6006759  0.5449876  0.5222541  0.51232713 0.4234673 ], [0.60065967 0.5449863  0.5222587  0.5123448  0.42347154] 
 3, -90.80491638183594, [0.6010591  0.5451003  0.5219258  0.51172256 0.42286286],  [0.6010333  0.5450942  0.52192074 0.51168954 0.42284733], [0.60106003 0.54510593 0.52193373 0.51172644 0.42286372] 
 3, -97.78999328613281, [0.6007163  0.5450776  0.5223421  0.5123079  0.42346108],  [0.6007476  0.5451013  0.52234626 0.5123317  0.4234554 ], [0.60072815 0.5450881  0.52234656 0.51233035 0.4234671 ] 
 3, -85.50926208496094, [0.6009672  0.5451404  0.5222098  0.5119633  0.42295408],  [0.6009786  0.54515386 0.522203   0.5119618  0.42295206], [0.6009691  0.5451419  0.52221626 0.5119692  0.42294958] 
 3, -92.63806915283203, [0.60127616 0.54546714 0.5222615  0.5116311  0.42259836],  [0.6012923  0.54545766 0.5222614  0.5116135  0.42258313], [0.60129565 0.5454777  0.5222565  0.5116606  0.422621  ] 
 3, -108.44842529296875, [0.6008121  0.5450434  0.5224115  0.51217    0.42320198],  [0.6008052  0.5450525  0.5223998  0.51214975 0.4232109 ], [0.6007868  0.5450335  0.5223949  0.51213056 0.42319626] 
 3, -113.5030517578125, [0.60142183 0.5453923  0.52216    0.51140726 0.42242825],  [0.60142285 0.5453973  0.5221725  0.51147234 0.42244607], [0.6014636  0.54541194 0.5221779  0.51146555 0.42244232] 
 3, -107.51470184326172, [0.60122687 0.54518145 0.52219766 0.5114389  0.42267972],  [0.6012178  0.54518485 0.5221912  0.5114238  0.42266262], [0.6012239  0.5451818  0.52218765 0.5114192  0.42266643] 
 3, -102.5361328125, [0.60180795 0.54575515 0.52220565 0.511062   0.42200038],  [0.6017918  0.5457707  0.5222025  0.5110512  0.42200938], [0.6018502  0.5457701  0.5222193  0.5111031  0.42201906] 
 3, -112.74597930908203, [0.60154605 0.5455169  0.522354   0.5112156  0.4222973 ],  [0.60151047 0.5455193  0.52235353 0.51122403 0.4223001 ], [0.60156274 0.5455243  0.52235144 0.5112035  0.42228684] 
 3, -109.6220932006836, [0.60148156 0.54544705 0.5224381  0.5114645  0.42240506],  [0.6014706  0.5454587  0.52244186 0.5114742  0.42241502], [0.6014803 0.5454552 0.5224382 0.5114511 0.4223986] 
 3, -110.35598754882812, [0.60163754 0.54557157 0.52229804 0.5113418  0.42221257],  [0.60160404 0.5455713  0.52228487 0.5113042  0.4221973 ], [0.60163987 0.5455893  0.52229804 0.51132566 0.4222092 ] 
 3, -109.15848541259766, [0.6008483  0.54488325 0.5226335  0.51264155 0.4240074 ],  [0.60091454 0.5448782  0.5226682  0.51269734 0.4240127 ], [0.6009004  0.54489315 0.5226515  0.512674   0.42400396] 
 3, -115.32711791992188, [0.60121083 0.5451747  0.52210283 0.51168776 0.4226641 ],  [0.6011878  0.54516613 0.52211916 0.5117347  0.42267492], [0.60121256 0.5451604  0.5221316  0.51171595 0.42265645] 
 3, -105.5858154296875, [0.6017137 0.5456641 0.5223116 0.5110137 0.4221068],  [0.60173506 0.545659   0.52231836 0.51101816 0.4221102 ], [0.6017179  0.54567546 0.5223115  0.5110248  0.42211407] 
 3, -97.53887939453125, [0.5998557  0.54467046 0.52299947 0.51242715 0.42416295],  [0.5998919 0.5446884 0.5230147 0.5124677 0.4241808], [0.5998747  0.5446985  0.5229827  0.51239043 0.42415446] 
 3, -89.86298370361328, [0.601326   0.5454242  0.522401   0.5112227  0.42252445],  [0.601368   0.54543704 0.5224165  0.5112391  0.42252442], [0.6013274  0.5454359  0.5224108  0.51121324 0.42251766] 
 3, -97.78543090820312, [0.6005693  0.54520273 0.522731   0.51270974 0.42416716],  [0.6005963  0.5451811  0.5227433  0.512731   0.42417377], [0.6005689  0.54518867 0.522728   0.51270795 0.42416185] 
 3, -115.83733367919922, [0.6016471  0.5455713  0.5221745  0.5113495  0.42221546],  [0.6016232  0.5455647  0.5221664  0.51130915 0.42220777], [0.60164523 0.5455716  0.5221649  0.5113471  0.4222315 ] 
 3, -97.80278015136719, [0.60021293 0.5447884  0.52307683 0.51203614 0.42410848],  [0.60022354 0.5447885  0.5230784  0.51205957 0.42412612], [0.6002246  0.5447939  0.5230791  0.5120495  0.42410925] 
 3, -101.84092712402344, [0.60119534 0.54522276 0.522163   0.51162153 0.4227463 ],  [0.60117686 0.54519796 0.5221586  0.5115896  0.42272818], [0.6011819  0.5452189  0.52215797 0.5115961  0.42274258] 
 3, -87.88807678222656, [0.60132164 0.5453429  0.52221423 0.5113797  0.42259043],  [0.6013104  0.54531896 0.52221096 0.5113175  0.42255247], [0.6013112  0.54533076 0.52221704 0.5113371  0.42255712] 
 3, -105.76222229003906, [0.6007951 0.5455002 0.5227641 0.5123061 0.4234648],  [0.6008386  0.54548776 0.52278787 0.512323   0.42344916], [0.600827   0.54549015 0.5227765  0.5123072  0.42345372] 
 3, -97.42141723632812, [0.6010028  0.5451161  0.52241904 0.5119179  0.42293137],  [0.6009978  0.54511094 0.5224287  0.51190215 0.42290673], [0.60097575 0.54510754 0.52242273 0.5118677  0.42289338] 
 3, -103.8230972290039, [0.60112405 0.5454189  0.5228008  0.511759   0.4228477 ],  [0.6011554  0.5454232  0.5228181  0.51180166 0.42285588], [0.60113996 0.5454196  0.52280694 0.5117669  0.42284495] 
 3, -116.46708679199219, [0.6014712  0.54548246 0.5222672  0.5112246  0.422329  ],  [0.60151166 0.5454806  0.52228177 0.51130617 0.42236406], [0.60151225 0.54548275 0.5222625  0.5112629  0.42235088] 
 3, -103.69677734375, [0.60121924 0.5452257  0.5220274  0.5116411  0.4226845 ],  [0.60123277 0.54523265 0.52203643 0.5116601  0.4226871 ], [0.6012026  0.5452377  0.52201736 0.5116253  0.422678  ] 
 3, -95.15480041503906, [0.60045344 0.54568887 0.52275187 0.51253265 0.4240724 ],  [0.6004269  0.54568493 0.52274334 0.51252437 0.42407164], [0.6004404  0.54567444 0.52275026 0.51253915 0.42408487] 
 3, -101.032470703125, [0.60178703 0.5457325  0.52227324 0.51113665 0.42207503],  [0.60177475 0.54571027 0.5222703  0.5111098  0.42206162], [0.6017605  0.54571354 0.5222724  0.5110965  0.42205477] 
 3, -94.97300720214844, [0.6005225  0.545171   0.52202415 0.51256406 0.42352965],  [0.6005427  0.54519403 0.52202505 0.5125922  0.4235506 ], [0.6005414  0.5451806  0.5220232  0.51257247 0.42354408] 
 3, -107.76722717285156, [0.60126436 0.5453775  0.5222138  0.5116419  0.4226355 ],  [0.60129225 0.5453812  0.5222243  0.5116475  0.42262667], [0.601298   0.54537904 0.5222134  0.5116536  0.42264444] 
 3, -109.72430419921875, [0.60105056 0.5453282  0.522422   0.51127464 0.4229258 ],  [0.6010524  0.5453404  0.52242154 0.5112738  0.4229365 ], [0.6010684  0.54533875 0.522424   0.51127744 0.42292896] 
 3, -104.42315673828125, [0.6012359  0.54520035 0.52233905 0.51157814 0.42266577],  [0.60123867 0.5451911  0.5223421  0.51158434 0.42265806], [0.60122144 0.54518473 0.5223399  0.51155883 0.42265305] 
 3, -100.39006805419922, [0.6010807  0.5451595  0.5220374  0.51177794 0.42284045],  [0.60105747 0.5451633  0.52202195 0.5117546  0.42283702], [0.601084   0.54516935 0.5220333  0.51178926 0.42284492] 
 3, -105.29541778564453, [0.6007489  0.54496235 0.52272165 0.5122072  0.42324004],  [0.6007535  0.54495513 0.52273226 0.51221377 0.42323482], [0.60076404 0.5449593  0.52272636 0.51221514 0.4232422 ] 
 3, -114.26264953613281, [0.6015579 0.5454942 0.5224594 0.5112665 0.4223079],  [0.6015157  0.54551494 0.52244824 0.5112576  0.42231438], [0.60153025 0.54548967 0.522449   0.5112381  0.4222974 ] 
 3, -89.0931167602539, [0.60169697 0.545662   0.5222376  0.5111864  0.4221103 ],  [0.6017215  0.54565746 0.52223784 0.51120263 0.4221028 ], [0.60174596 0.5456585  0.5222546  0.51124257 0.42212126] 
 3, -115.91459655761719, [0.60101146 0.54497254 0.5223966  0.51190156 0.4229516 ],  [0.6009927  0.54497415 0.5223929  0.51189536 0.4229542 ], [0.6009893  0.5449786  0.52239424 0.5119128  0.42296055] 
 3, -89.40193176269531, [0.60133207 0.5453386  0.5221542  0.511515   0.42253894],  [0.60134804 0.54532987 0.5221497  0.5115083  0.42253077], [0.60131484 0.54533654 0.5221448  0.51150155 0.42253703] 
 3, -77.8897705078125, [0.6012541  0.545263   0.5222491  0.5114456  0.42257184],  [0.60125005 0.5452639  0.5222363  0.51144767 0.42258993], [0.601248   0.54528    0.5222422  0.5114728  0.42260253] 
 3, -100.15156555175781, [0.60069925 0.54513115 0.52278316 0.51177466 0.42326057],  [0.600694   0.5451308  0.5227765  0.51176476 0.42326373], [0.6007041  0.5451341  0.5227927  0.51178724 0.42326537] 
 3, -85.08627319335938, [0.6007719  0.54533786 0.52242124 0.5123985  0.42347646],  [0.600753   0.5453188  0.5224202  0.5123999  0.42346805], [0.6007717  0.5453167  0.5224244  0.51240164 0.42347485] 
 3, -81.315185546875, [0.6005902  0.5449943  0.5223891  0.5121917  0.42376047],  [0.60058075 0.5449805  0.5224029  0.512176   0.4237304 ], [0.6005509  0.5449888  0.52238834 0.5121829  0.42375755] 
 3, -88.11787414550781, [0.601249   0.5452652  0.5221078  0.51164454 0.4226761 ],  [0.6012603  0.5452604  0.52210575 0.51163936 0.42267412], [0.60123414 0.5452537  0.5221096  0.5116172  0.42265674] 
 3, -90.3851547241211, [0.6012884  0.5452795  0.52243143 0.51135904 0.42257726],  [0.60130495 0.54525274 0.5224338  0.51134664 0.42256227], [0.601298   0.545269   0.52243817 0.5113535  0.42256078] 
 3, -103.33097839355469, [0.60096127 0.54503816 0.5224791  0.5118091  0.4230123 ],  [0.6009815 0.5450464 0.5224839 0.5118167 0.4230071], [0.6009715  0.54501414 0.52249116 0.5117994  0.42300248] 
 3, -77.92164611816406, [0.600969   0.5451253  0.5226709  0.51185346 0.42290875],  [0.60096496 0.5451232  0.5226591  0.51184607 0.42291895], [0.6009593  0.5451178  0.5226759  0.5118757  0.42291966] 
 3, -97.29297637939453, [0.6007562 0.5449584 0.5225092 0.5122996 0.423261 ],  [0.6007447  0.54495275 0.52250624 0.51230067 0.42326686], [0.60073715 0.5449486  0.522494   0.51225644 0.42325   ] 
 3, -100.67234802246094, [0.60080683 0.5451318  0.5225512  0.5120809  0.42319676],  [0.60080546 0.54510325 0.52255476 0.5120663  0.4231714 ], [0.6008035  0.545124   0.52255696 0.5120497  0.4231604 ] 
 3, -86.39997863769531, [0.60125893 0.54552877 0.5224067  0.5115377  0.42260867],  [0.60132176 0.5455322  0.52241623 0.51157546 0.4226164 ], [0.6013025  0.545532   0.5224184  0.5115621  0.42261165] 
 3, -95.61934661865234, [0.6012755  0.5453624  0.5224199  0.5116393  0.42258474],  [0.6012933  0.5453771  0.5224117  0.51164603 0.42259687], [0.60128105 0.5453629  0.5224134  0.51161134 0.4225794 ] 
 3, -115.71067810058594, [0.60094225 0.5452267  0.52225167 0.5117432  0.4229463 ],  [0.6009737  0.5452295  0.5222642  0.51177496 0.42294937], [0.6009361  0.54522264 0.52224827 0.5117394  0.42294845] 
 3, -123.57318115234375, [0.60101855 0.5454922  0.5222726  0.5114805  0.42294252],  [0.6010571  0.5455092  0.52229315 0.51152074 0.4229461 ], [0.6010513  0.54549295 0.522274   0.5114831  0.42293558] 
 3, -87.01949310302734, [0.6010858  0.545302   0.522463   0.51192397 0.42284006],  [0.6010852  0.5452798  0.52246493 0.5119199  0.4228352 ], [0.6010681  0.54527533 0.5224646  0.5119073  0.42283395] 
 3, -92.78776550292969, [0.60043865 0.5447793  0.5226659  0.51250136 0.4235498 ],  [0.60046786 0.5447806  0.52266514 0.51254773 0.4235892 ], [0.60045314 0.5447743  0.52267325 0.5125289  0.42356598] 
 3, -88.29582214355469, [0.60170424 0.5456757  0.5222278  0.51110065 0.4221018 ],  [0.6017428  0.54568213 0.522228   0.5111412  0.42212504], [0.60174924 0.54567504 0.52223575 0.5111495  0.42212784] 
 3, -90.29684448242188, [0.60127884 0.5452422  0.5222689  0.51150864 0.42255175],  [0.6012827  0.5452355  0.52225643 0.5115     0.4225506 ], [0.601305   0.54524016 0.52225846 0.5115074  0.42255384] 
 3, -109.10250854492188, [0.6010757 0.5452306 0.522515  0.511945  0.4228707],  [0.60107386 0.54522103 0.5225129  0.51192296 0.4228596 ], [0.6011027  0.54524475 0.5225291  0.51198864 0.4228772 ] 
 3, -91.7901382446289, [0.6011992  0.5452522  0.52237827 0.51145065 0.42265156],  [0.6012327  0.54527086 0.5223996  0.51149446 0.42265293], [0.6012331  0.5452675  0.5223818  0.51148605 0.42266887] 
 3, -105.29595947265625, [0.6012153  0.5452076  0.5221219  0.51155126 0.422649  ],  [0.6012325  0.5452135  0.52212125 0.51156825 0.42265534], [0.601212  0.5452325 0.522108  0.5115554 0.4226626] 
 3, -121.43904113769531, [0.6012092  0.54529315 0.522608   0.51154655 0.42263278],  [0.6012019  0.54531294 0.5226062  0.51157147 0.4226616 ], [0.6012303  0.5453035  0.5226102  0.51157665 0.4226496 ] 
 3, -95.396484375, [0.6011605  0.5454225  0.5220959  0.5117235  0.42278427],  [0.601175   0.54539883 0.5220997  0.5117355  0.4227847 ], [0.60119283 0.54542303 0.5221028  0.5117362  0.4227943 ] 
 3, -93.65342712402344, [0.60100067 0.5451425  0.52247566 0.51194614 0.4229562 ],  [0.6009793  0.54511654 0.52247494 0.5119264  0.42293707], [0.60097915 0.545137   0.52247137 0.5119415  0.42295855] 
 3, -108.45032501220703, [0.60101235 0.54517096 0.5225903  0.5118958  0.42293262],  [0.6009982  0.5451599  0.52259874 0.5119035  0.42292538], [0.60100365 0.5451703  0.5225874  0.5119114  0.42295018] 
 3, -109.95393371582031, [0.600896   0.54508597 0.5223993  0.5119841  0.42313242],  [0.60091734 0.5451071  0.5224026  0.5120281  0.42316055], [0.6009272  0.5450924  0.52241474 0.51198065 0.42311364] 
 3, -86.24858856201172, [0.601244   0.5452005  0.5222709  0.51158273 0.4226074 ],  [0.60123485 0.5451882  0.52226794 0.51157874 0.42259648], [0.6012483  0.5451907  0.5222681  0.5115848  0.42260662] 
